-2.88327341e-03
-9.61094163e-04
9.61094163e-04
2.88327341e-03
4.80542565e-03
6.72753248e-03
8.64957552e-03
1.05715375e-02
1.24934008e-02
1.44151459e-02
1.63367540e-02
1.82582103e-02
2.01794952e-02
2.21005902e-02
2.40214765e-02
2.59421375e-02
2.78625544e-02
2.97827106e-02
3.17025855e-02
3.36221643e-02
3.55414264e-02
3.74603570e-02
3.93789299e-02
4.12971340e-02
4.32149507e-02
4.51323614e-02
4.70493473e-02
4.89658937e-02
5.08819744e-02
5.27975820e-02
5.47126904e-02
5.66272847e-02
5.85413463e-02
6.04548603e-02
6.23678006e-02
6.42801523e-02
6.61919042e-02
6.81030378e-02
7.00135231e-02
7.19233602e-02
7.38325045e-02
7.57409707e-02
7.76487142e-02
7.95557275e-02
8.14620033e-02
8.33675042e-02
8.52722228e-02
8.71761516e-02
8.90792534e-02
9.09815207e-02
9.28829387e-02
9.47834775e-02
9.66831297e-02
9.85818654e-02
1.00479677e-01
1.02376543e-01
1.04272448e-01
1.06167369e-01
1.08061291e-01
1.09954186e-01
1.11846052e-01
1.13736868e-01
1.15626618e-01
1.17515281e-01
1.19402833e-01
1.21289268e-01
1.23174563e-01
1.25058696e-01
1.26941651e-01
1.28823429e-01
1.30703986e-01
1.32583305e-01
1.34461388e-01
1.36338189e-01
1.38213724e-01
1.40087947e-01
1.41960859e-01
1.43832445e-01
1.45702675e-01
1.47571534e-01
1.49439007e-01
1.51305065e-01
1.53169721e-01
1.55032948e-01
1.56894699e-01
1.58754975e-01
1.60613760e-01
1.62471026e-01
1.64326787e-01
1.66180998e-01
1.68033645e-01
1.69884712e-01
1.71734184e-01
1.73582047e-01
1.75428271e-01
1.77272856e-01
1.79115772e-01
1.80957004e-01
1.82796538e-01
1.84634358e-01
1.86470449e-01
1.88304767e-01
1.90137342e-01
1.91968113e-01
1.93797067e-01
1.95624217e-01
1.97449505e-01
1.99272946e-01
2.01094508e-01
2.02914178e-01
2.04731956e-01
2.06547782e-01
2.08361670e-01
2.10173592e-01
2.11983547e-01
2.13791505e-01
2.15597436e-01
2.17401341e-01
2.19203204e-01
2.21003011e-01
2.22800747e-01
2.24596366e-01
2.26389870e-01
2.28181273e-01
2.29970515e-01
2.31757581e-01
2.33542487e-01
2.35325173e-01
2.37105653e-01
2.38883898e-01
2.40659907e-01
2.42433652e-01
2.44205132e-01
2.45974302e-01
2.47741133e-01
2.49505654e-01
2.51267821e-01
2.53027648e-01
2.54785091e-01
2.56540149e-01
2.58292794e-01
2.60043025e-01
2.61790752e-01
2.63536036e-01
2.65278846e-01
2.67019182e-01
2.68757015e-01
2.70492315e-01
2.72225082e-01
2.73955256e-01
2.75682867e-01
2.77407885e-01
2.79130310e-01
2.80850083e-01
2.82567233e-01
2.84281731e-01
2.85993576e-01
2.87702709e-01
2.89409131e-01
2.91112840e-01
2.92813838e-01
2.94512093e-01
2.96207547e-01
2.97900230e-01
2.99590081e-01
3.01277161e-01
3.02961379e-01
3.04642797e-01
3.06321323e-01
3.07996988e-01
3.09669733e-01
3.11339587e-01
3.13006490e-01
3.14670444e-01
3.16331446e-01
3.17989498e-01
3.19644570e-01
3.21296632e-01
3.22945684e-01
3.24591666e-01
3.26234579e-01
3.27874452e-01
3.29511255e-01
3.31144929e-01
3.32775533e-01
3.34403008e-01
3.36027324e-01
3.37648481e-01
3.39266479e-01
3.40881258e-01
3.42492878e-01
3.44101280e-01
3.45706463e-01
3.47308397e-01
3.48907053e-01
3.50502402e-01
3.52094471e-01
3.53683233e-01
3.55268687e-01
3.56850803e-01
3.58429581e-01
3.60004991e-01
3.61577004e-01
3.63145620e-01
3.64710838e-01
3.66272569e-01
3.67830902e-01
3.69385779e-01
3.70937198e-01
3.72485131e-01
3.74029547e-01
3.75570476e-01
3.77107859e-01
3.78641695e-01
3.80171955e-01
3.81698638e-01
3.83221716e-01
3.84741217e-01
3.86257112e-01
3.87769312e-01
3.89277875e-01
3.90782744e-01
3.92283976e-01
3.93781483e-01
3.95275295e-01
3.96765381e-01
3.98251712e-01
3.99734318e-01
4.01213139e-01
4.02688235e-01
4.04159486e-01
4.05626953e-01
4.07090604e-01
4.08550411e-01
4.10006374e-01
4.11458492e-01
4.12906706e-01
4.14351046e-01
4.15791482e-01
4.17228013e-01
4.18660581e-01
4.20089245e-01
4.21513975e-01
4.22934681e-01
4.24351424e-01
4.25764173e-01
4.27172899e-01
4.28577602e-01
4.29978311e-01
4.31374937e-01
4.32767510e-01
4.34156030e-01
4.35540438e-01
4.36920732e-01
4.38296944e-01
4.39669013e-01
4.41036940e-01
4.42400724e-01
4.43760306e-01
4.45115745e-01
4.46466982e-01
4.47814047e-01
4.49156851e-01
4.50495452e-01
4.51829821e-01
4.53159928e-01
4.54485804e-01
4.55807358e-01
4.57124650e-01
4.58437651e-01
4.59746331e-01
4.61050689e-01
4.62350726e-01
4.63646352e-01
4.64937627e-01
4.66224551e-01
4.67507064e-01
4.68785137e-01
4.70058829e-01
4.71328139e-01
4.72592950e-01
4.73853350e-01
4.75109249e-01
4.76360738e-01
4.77607727e-01
4.78850216e-01
4.80088174e-01
4.81321633e-01
4.82550561e-01
4.83774930e-01
4.84994799e-01
4.86210048e-01
4.87420768e-01
4.88626868e-01
4.89828408e-01
4.91025329e-01
4.92217600e-01
4.93405282e-01
4.94588286e-01
4.95766640e-01
4.96940315e-01
4.98109341e-01
4.99273658e-01
5.00433326e-01
5.01588225e-01
5.02738476e-01
5.03883958e-01
5.05024731e-01
5.06160796e-01
5.07292151e-01
5.08418679e-01
5.09540498e-01
5.10657489e-01
5.11769712e-01
5.12877107e-01
5.13979673e-01
5.15077412e-01
5.16170263e-01
5.17258227e-01
5.18341362e-01
5.19419491e-01
5.20492792e-01
5.21561205e-01
5.22624731e-01
5.23683310e-01
5.24736941e-01
5.25785685e-01
5.26829481e-01
5.27868271e-01
5.28902113e-01
5.29931009e-01
5.30954897e-01
5.31973839e-01
5.32987833e-01
5.33996761e-01
5.35000741e-01
5.35999715e-01
5.36993623e-01
5.37982464e-01
5.38966238e-01
5.39944947e-01
5.40918589e-01
5.41887105e-01
5.42850554e-01
5.43808818e-01
5.44762015e-01
5.45710087e-01
5.46653032e-01
5.47590792e-01
5.48523366e-01
5.49450815e-01
5.50373077e-01
5.51290214e-01
5.52202106e-01
5.53108871e-01
5.54010391e-01
5.54906726e-01
5.55797815e-01
5.56683719e-01
5.57564437e-01
5.58439910e-01
5.59310079e-01
5.60175002e-01
5.61034679e-01
5.61889112e-01
5.62738240e-01
5.63582063e-01
5.64420581e-01
5.65253794e-01
5.66081643e-01
5.66904187e-01
5.67721426e-01
5.68533242e-01
5.69339693e-01
5.70140839e-01
5.70936561e-01
5.71726918e-01
5.72511911e-01
5.73291481e-01
5.74065626e-01
5.74834466e-01
5.75597823e-01
5.76355815e-01
5.77108383e-01
5.77855527e-01
5.78597248e-01
5.79333544e-01
5.80064416e-01
5.80789745e-01
5.81509650e-01
5.82224131e-01
5.82933128e-01
5.83636701e-01
5.84334731e-01
5.85027277e-01
5.85714340e-01
5.86395919e-01
5.87072015e-01
5.87742627e-01
5.88407695e-01
5.89067161e-01
5.89721084e-01
5.90369523e-01
5.91012359e-01
5.91649592e-01
5.92281222e-01
5.92907310e-01
5.93527794e-01
5.94142675e-01
5.94751954e-01
5.95355570e-01
5.95953643e-01
5.96546054e-01
5.97132862e-01
5.97714067e-01
5.98289669e-01
5.98859668e-01
5.99424005e-01
5.99982738e-01
6.00535810e-01
6.01083279e-01
6.01625085e-01
6.02161288e-01
6.02691770e-01
6.03216648e-01
6.03735745e-01
6.04249239e-01
6.04757071e-01
6.05259240e-01
6.05755746e-01
6.06246650e-01
6.06731892e-01
6.07211471e-01
6.07685328e-01
6.08153522e-01
6.08616054e-01
6.09072924e-01
6.09524131e-01
6.09969676e-01
6.10409558e-01
6.10843718e-01
6.11272156e-01
6.11694932e-01
6.12111986e-01
6.12523198e-01
6.12928569e-01
6.13328099e-01
6.13721848e-01
6.14109695e-01
6.14491701e-01
6.14867866e-01
6.15238190e-01
6.15602672e-01
6.15961313e-01
6.16314113e-01
6.16661012e-01
6.17002070e-01
6.17337286e-01
6.17666662e-01
6.17990136e-01
6.18307769e-01
6.18619561e-01
6.18925512e-01
6.19225562e-01
6.19519711e-01
6.19808078e-01
6.20090485e-01
6.20367110e-01
6.20637834e-01
6.20902717e-01
6.21161759e-01
6.21415019e-01
6.21662319e-01
6.21903837e-01
6.22139454e-01
6.22369230e-01
6.22593045e-01
6.22811019e-01
6.23023212e-01
6.23229444e-01
6.23429894e-01
6.23624504e-01
6.23813212e-01
6.23996019e-01
6.24172926e-01
6.24343991e-01
6.24509215e-01
6.24668658e-01
6.24822140e-01
6.24969721e-01
6.25111401e-01
6.25247300e-01
6.25377238e-01
6.25501335e-01
6.25619590e-01
6.25732005e-01
6.25838518e-01
6.25939131e-01
6.26033843e-01
6.26122713e-01
6.26205683e-01
6.26282752e-01
6.26353979e-01
6.26419246e-01
6.26478672e-01
6.26532197e-01
6.26579881e-01
6.26621664e-01
6.26657546e-01
6.26687586e-01
6.26711726e-01
6.26729965e-01
6.26742303e-01
6.26748800e-01
6.26749396e-01
6.26744092e-01
6.26732945e-01
6.26715899e-01
6.26692951e-01
6.26664102e-01
6.26629412e-01
6.26588762e-01
6.26542330e-01
6.26489937e-01
6.26431704e-01
6.26367509e-01
6.26297534e-01
6.26221597e-01
6.26139820e-01
6.26052141e-01
6.25958622e-01
6.25859201e-01
6.25753939e-01
6.25642717e-01
6.25525713e-01
6.25402808e-01
6.25274062e-01
6.25139356e-01
6.24998808e-01
6.24852419e-01
6.24700189e-01
6.24542058e-01
6.24378026e-01
6.24208152e-01
6.24032319e-01
6.23850703e-01
6.23663127e-01
6.23469770e-01
6.23270512e-01
6.23065472e-01
6.22854531e-01
6.22637689e-01
6.22414947e-01
6.22186422e-01
6.21951997e-01
6.21711731e-01
6.21465504e-01
6.21213496e-01
6.20955527e-01
6.20691717e-01
6.20422065e-01
6.20146632e-01
6.19865358e-01
6.19578183e-01
6.19285107e-01
6.18986189e-01
6.18681431e-01
6.18370831e-01
6.18054390e-01
6.17732108e-01
6.17403924e-01
6.17069840e-01
6.16729915e-01
6.16384149e-01
6.16032481e-01
6.15675032e-01
6.15311682e-01
6.14942551e-01
6.14567518e-01
6.14186645e-01
6.13799930e-01
6.13407373e-01
6.13008976e-01
6.12604737e-01
6.12194657e-01
6.11778736e-01
6.11356974e-01
6.10929489e-01
6.10496342e-01
6.10057473e-01
6.09612942e-01
6.09162748e-01
6.08706832e-01
6.08245313e-01
6.07778013e-01
6.07305169e-01
6.06826663e-01
6.06342435e-01
6.05852604e-01
6.05357051e-01
6.04855895e-01
6.04349017e-01
6.03836536e-01
6.03318334e-01
6.02794528e-01
6.02265000e-01
6.01729870e-01
6.01189077e-01
6.00642681e-01
6.00090563e-01
5.99532843e-01
5.98969460e-01
5.98400354e-01
5.97825706e-01
5.97245395e-01
5.96659541e-01
5.96068025e-01
5.95470905e-01
5.94868183e-01
5.94259799e-01
5.93645871e-01
5.93026340e-01
5.92401206e-01
5.91770470e-01
5.91134131e-01
5.90492308e-01
5.89844882e-01
5.89191854e-01
5.88533223e-01
5.87869048e-01
5.87199390e-01
5.86524189e-01
5.85843503e-01
5.85157275e-01
5.84465563e-01
5.83768427e-01
5.83065748e-01
5.82357645e-01
5.81644058e-01
5.80925047e-01
5.80200493e-01
5.79470515e-01
5.78735113e-01
5.77994227e-01
5.77247918e-01
5.76496184e-01
5.75739026e-01
5.74976444e-01
5.74208438e-01
5.73435009e-01
5.72656214e-01
5.71871996e-01
5.71082473e-01
5.70287526e-01
5.69487274e-01
5.68681598e-01
5.67870557e-01
5.67054212e-01
5.66232443e-01
5.65405369e-01
5.64572930e-01
5.63735127e-01
5.62892020e-01
5.62043607e-01
5.61189890e-01
5.60330868e-01
5.59466600e-01
5.58597088e-01
5.57722330e-01
5.56842327e-01
5.55957139e-01
5.55066645e-01
5.54170966e-01
5.53270102e-01
5.52363992e-01
5.51452756e-01
5.50536275e-01
5.49614668e-01
5.48687816e-01
5.47755837e-01
5.46818674e-01
5.45876384e-01
5.44928968e-01
5.43976426e-01
5.43018699e-01
5.42055905e-01
5.41087985e-01
5.40114939e-01
5.39136767e-01
5.38153529e-01
5.37165225e-01
5.36171854e-01
5.35173416e-01
5.34169972e-01
5.33161521e-01
5.32147944e-01
5.31129539e-01
5.30106127e-01
5.29077709e-01
5.28044343e-01
5.27006030e-01
5.25962830e-01
5.24914563e-01
5.23861408e-01
5.22803247e-01
5.21740198e-01
5.20672262e-01
5.19599378e-01
5.18521667e-01
5.17439067e-01
5.16351581e-01
5.15259147e-01
5.14161885e-01
5.13059795e-01
5.11952758e-01
5.10840952e-01
5.09724259e-01
5.08602798e-01
5.07476568e-01
5.06345689e-01
5.05209982e-01
5.04069567e-01
5.02924383e-01
5.01774430e-01
5.00619829e-01
4.99460518e-01
4.98296469e-01
4.97127742e-01
4.95954305e-01
4.94776219e-01
4.93593454e-01
4.92406040e-01
4.91214037e-01
4.90017384e-01
4.88816082e-01
4.87610191e-01
4.86399740e-01
4.85184699e-01
4.83965069e-01
4.82740849e-01
4.81512100e-01
4.80278820e-01
4.79040980e-01
4.77798671e-01
4.76551861e-01
4.75300550e-01
4.74044740e-01
4.72784430e-01
4.71519709e-01
4.70250547e-01
4.68976974e-01
4.67698961e-01
4.66416568e-01
4.65129763e-01
4.63838547e-01
4.62542981e-01
4.61243063e-01
4.59938765e-01
4.58630115e-01
4.57317173e-01
4.55999941e-01
4.54678446e-01
4.53352630e-01
4.52022552e-01
4.50688213e-01
4.49349642e-01
4.48006839e-01
4.46659803e-01
4.45308566e-01
4.43953156e-01
4.42593515e-01
4.41229731e-01
4.39861774e-01
4.38489646e-01
4.37113374e-01
4.35733020e-01
4.34348553e-01
4.32960033e-01
4.31567371e-01
4.30170685e-01
4.28769946e-01
4.27365124e-01
4.25956309e-01
4.24543411e-01
4.23126578e-01
4.21705723e-01
4.20280904e-01
4.18852091e-01
4.17419344e-01
4.15982664e-01
4.14542109e-01
4.13097620e-01
4.11649227e-01
4.10196960e-01
4.08740789e-01
4.07280773e-01
4.05816942e-01
4.04349267e-01
4.02877778e-01
4.01402503e-01
3.99923444e-01
3.98440629e-01
3.96954030e-01
3.95463675e-01
3.93969595e-01
3.92471820e-01
3.90970320e-01
3.89465153e-01
3.87956291e-01
3.86443794e-01
3.84927630e-01
3.83407831e-01
3.81884396e-01
3.80357414e-01
3.78826827e-01
3.77292693e-01
3.75754982e-01
3.74213785e-01
3.72669011e-01
3.71120721e-01
3.69568944e-01
3.68013680e-01
3.66454989e-01
3.64892811e-01
3.63327235e-01
3.61758232e-01
3.60185802e-01
3.58610004e-01
3.57030809e-01
3.55448246e-01
3.53862345e-01
3.52273136e-01
3.50680649e-01
3.49084824e-01
3.47485691e-01
3.45883310e-01
3.44277680e-01
3.42668802e-01
3.41056705e-01
3.39441389e-01
3.37822884e-01
3.36201221e-01
3.34576368e-01
3.32948357e-01
3.31317216e-01
3.29682976e-01
3.28045607e-01
3.26405168e-01
3.24761659e-01
3.23115081e-01
3.21465462e-01
3.19812834e-01
3.18157196e-01
3.16498548e-01
3.14836949e-01
3.13172400e-01
3.11504871e-01
3.09834421e-01
3.08161020e-01
3.06484729e-01
3.04805517e-01
3.03123474e-01
3.01438570e-01
2.99750835e-01
2.98060298e-01
2.96366960e-01
2.94670820e-01
2.92971879e-01
2.91270196e-01
2.89565772e-01
2.87858635e-01
2.86148787e-01
2.84436256e-01
2.82721043e-01
2.81003177e-01
2.79282629e-01
2.77559489e-01
2.75833726e-01
2.74105370e-01
2.72374421e-01
2.70640910e-01
2.68904865e-01
2.67166257e-01
2.65425146e-01
2.63681561e-01
2.61935502e-01
2.60186970e-01
2.58435965e-01
2.56682545e-01
2.54926711e-01
2.53168464e-01
2.51407832e-01
2.49644846e-01
2.47879505e-01
2.46111825e-01
2.44341820e-01
2.42569536e-01
2.40794942e-01
2.39018083e-01
2.37238973e-01
2.35457644e-01
2.33674079e-01
2.31888324e-01
2.30100363e-01
2.28310272e-01
2.26517990e-01
2.24723592e-01
2.22927064e-01
2.21128449e-01
2.19327718e-01
2.17524961e-01
2.15720117e-01
2.13913262e-01
2.12104380e-01
2.10293502e-01
2.08480641e-01
2.06665814e-01
2.04849035e-01
2.03030333e-01
2.01209709e-01
1.99387193e-01
1.97562799e-01
1.95736542e-01
1.93908438e-01
1.92078486e-01
1.90246731e-01
1.88413173e-01
1.86577842e-01
1.84740752e-01
1.82901934e-01
1.81061387e-01
1.79219142e-01
1.77375212e-01
1.75529614e-01
1.73682362e-01
1.71833470e-01
1.69982970e-01
1.68130860e-01
1.66277170e-01
1.64421916e-01
1.62565127e-01
1.60706803e-01
1.58846974e-01
1.56985641e-01
1.55122846e-01
1.53258577e-01
1.51392862e-01
1.49525732e-01
1.47657186e-01
1.45787239e-01
1.43915921e-01
1.42043263e-01
1.40169263e-01
1.38293937e-01
1.36417329e-01
1.34539425e-01
1.32660240e-01
1.30779818e-01
1.28898159e-01
1.27015293e-01
1.25131235e-01
1.23245992e-01
1.21359594e-01
1.19472057e-01
1.17583387e-01
1.15693599e-01
1.13802724e-01
1.11910790e-01
1.10017791e-01
1.08123749e-01
1.06228702e-01
1.04332641e-01
1.02435604e-01
1.00537591e-01
9.86386389e-02
9.67387632e-02
9.48379636e-02
9.29362774e-02
9.10337046e-02
8.91302750e-02
8.72260109e-02
8.53209198e-02
8.34150389e-02
8.15083683e-02
7.96009302e-02
7.76927471e-02
7.57838264e-02
7.38741904e-02
7.19638616e-02
7.00528547e-02
6.81411922e-02
6.62288964e-02
6.43159673e-02
6.24024421e-02
6.04883172e-02
5.85736260e-02
5.66583835e-02
5.47426045e-02
5.28263152e-02
5.09095266e-02
4.89922576e-02
4.70745265e-02
4.51563448e-02
4.32377420e-02
4.13187332e-02
3.93993333e-02
3.74795645e-02
3.55594419e-02
3.36389802e-02
3.17182019e-02
2.97971275e-02
2.78757717e-02
2.59541534e-02
2.40322929e-02
2.21102014e-02
2.01879032e-02
1.82654150e-02
1.63427554e-02
1.44199412e-02
1.24969929e-02
1.05739255e-02
8.65075924e-03
6.72751060e-03
4.80419863e-03
2.88084196e-03
9.57457989e-04
-9.65935120e-04
-2.88931909e-03
-4.81267599e-03
-6.73598703e-03
-8.65923520e-03
-1.05824005e-02
-1.25054680e-02
-1.44284163e-02
-1.63512304e-02
-1.82738882e-02
-2.01963764e-02
-2.21186746e-02
-2.40407642e-02
-2.59626284e-02
-2.78842449e-02
-2.98056006e-02
-3.17266770e-02
-3.36474515e-02
-3.55679095e-02
-3.74880321e-02
-3.94078083e-02
-4.13272083e-02
-4.32462208e-02
-4.51648273e-02
-4.70830053e-02
-4.90007401e-02
-5.09180166e-02
-5.28348126e-02
-5.47511056e-02
-5.66668808e-02
-5.85821271e-02
-6.04968183e-02
-6.24109432e-02
-6.43244833e-02
-6.62374049e-02
-6.81497082e-02
-7.00613707e-02
-7.19723776e-02
-7.38826990e-02
-7.57923275e-02
-7.77012408e-02
-7.96094239e-02
-8.15168619e-02
-8.34235400e-02
-8.53294209e-02
-8.72345045e-02
-8.91387612e-02
-9.10421833e-02
-9.29447487e-02
-9.48464423e-02
-9.67472419e-02
-9.86471251e-02
-1.00546084e-01
-1.02444090e-01
-1.04341134e-01
-1.06237195e-01
-1.08132251e-01
-1.10026285e-01
-1.11919284e-01
-1.13811232e-01
-1.15702108e-01
-1.17591880e-01
-1.19480550e-01
-1.21368095e-01
-1.23254500e-01
-1.25139743e-01
-1.27023801e-01
-1.28906682e-01
-1.30788341e-01
-1.32668763e-01
-1.34547934e-01
-1.36425838e-01
-1.38302460e-01
-1.40177771e-01
-1.42051771e-01
-1.43924430e-01
-1.45795733e-01
-1.47665665e-01
-1.49534225e-01
-1.51401356e-01
-1.53267071e-01
-1.55131340e-01
-1.56994149e-01
-1.58855483e-01
-1.60715327e-01
-1.62573650e-01
-1.64430454e-01
-1.66285694e-01
-1.68139383e-01
-1.69991478e-01
-1.71841979e-01
-1.73690856e-01
-1.75538123e-01
-1.77383721e-01
-1.79227635e-01
-1.81069881e-01
-1.82910413e-01
-1.84749216e-01
-1.86586291e-01
-1.88421622e-01
-1.90255165e-01
-1.92086920e-01
-1.93916857e-01
-1.95744976e-01
-1.97571233e-01
-1.99395627e-01
-2.01218143e-01
-2.03038767e-01
-2.04857469e-01
-2.06674233e-01
-2.08489075e-01
-2.10301921e-01
-2.12112799e-01
-2.13921681e-01
-2.15728536e-01
-2.17533380e-01
-2.19336167e-01
-2.21136853e-01
-2.22935483e-01
-2.24731997e-01
-2.26526394e-01
-2.28318661e-01
-2.30108783e-01
-2.31896728e-01
-2.33682498e-01
-2.35466048e-01
-2.37247393e-01
-2.39026502e-01
-2.40803361e-01
-2.42577940e-01
-2.44350225e-01
-2.46120214e-01
-2.47887895e-01
-2.49653205e-01
-2.51416177e-01
-2.53176808e-01
-2.54935086e-01
-2.56690949e-01
-2.58444399e-01
-2.60195374e-01
-2.61943936e-01
-2.63689995e-01
-2.65433580e-01
-2.67174691e-01
-2.68913269e-01
-2.70649314e-01
-2.72382826e-01
-2.74113774e-01
-2.75842130e-01
-2.77567893e-01
-2.79291064e-01
-2.81011581e-01
-2.82729447e-01
-2.84444660e-01
-2.86157161e-01
-2.87866980e-01
-2.89574116e-01
-2.91278511e-01
-2.92980164e-01
-2.94679075e-01
-2.96375185e-01
-2.98068494e-01
-2.99759001e-01
-3.01446706e-01
-3.03131580e-01
-3.04813653e-01
-3.06492835e-01
-3.08169127e-01
-3.09842527e-01
-3.11512947e-01
-3.13180447e-01
-3.14844996e-01
-3.16506594e-01
-3.18165213e-01
-3.19820851e-01
-3.21473479e-01
-3.23123097e-01
-3.24769616e-01
-3.26413095e-01
-3.28053534e-01
-3.29690874e-01
-3.31325114e-01
-3.32956254e-01
-3.34584236e-01
-3.36209059e-01
-3.37830752e-01
-3.39449227e-01
-3.41064543e-01
-3.42676610e-01
-3.44285488e-01
-3.45891118e-01
-3.47493500e-01
-3.49092603e-01
-3.50688428e-01
-3.52280945e-01
-3.53870153e-01
-3.55456024e-01
-3.57038558e-01
-3.58617753e-01
-3.60193521e-01
-3.61765951e-01
-3.63334954e-01
-3.64900559e-01
-3.66462678e-01
-3.68021399e-01
-3.69576633e-01
-3.71128410e-01
-3.72676671e-01
-3.74221414e-01
-3.75762641e-01
-3.77300322e-01
-3.78834486e-01
-3.80365044e-01
-3.81892055e-01
-3.83415490e-01
-3.84935319e-01
-3.86451483e-01
-3.87963951e-01
-3.89472783e-01
-3.90977919e-01
-3.92479360e-01
-3.93977106e-01
-3.95471185e-01
-3.96961540e-01
-3.98448110e-01
-3.99930954e-01
-4.01409984e-01
-4.02885258e-01
-4.04356718e-01
-4.05824363e-01
-4.07288224e-01
-4.08748239e-01
-4.10204381e-01
-4.11656678e-01
-4.13105041e-01
-4.14549500e-01
-4.15990055e-01
-4.17426705e-01
-4.18859392e-01
-4.20288175e-01
-4.21712995e-01
-4.23133820e-01
-4.24550623e-01
-4.25963432e-01
-4.27372217e-01
-4.28777009e-01
-4.30177718e-01
-4.31574404e-01
-4.32967007e-01
-4.34355527e-01
-4.35739964e-01
-4.37120318e-01
-4.38496530e-01
-4.39868599e-01
-4.41236526e-01
-4.42600310e-01
-4.43959892e-01
-4.45315301e-01
-4.46666539e-01
-4.48013544e-01
-4.49356318e-01
-4.50694889e-01
-4.52029169e-01
-4.53359187e-01
-4.54684973e-01
-4.56006467e-01
-4.57323700e-01
-4.58636582e-01
-4.59945172e-01
-4.61249411e-01
-4.62549329e-01
-4.63844836e-01
-4.65135962e-01
-4.66422707e-01
-4.67705071e-01
-4.68983024e-01
-4.70256567e-01
-4.71525669e-01
-4.72790331e-01
-4.74050552e-01
-4.75306302e-01
-4.76557583e-01
-4.77804363e-01
-4.79046643e-01
-4.80284393e-01
-4.81517643e-01
-4.82746333e-01
-4.83970493e-01
-4.85190094e-01
-4.86405134e-01
-4.87615556e-01
-4.88821417e-01
-4.90022659e-01
-4.91219312e-01
-4.92411286e-01
-4.93598640e-01
-4.94781345e-01
-4.95959401e-01
-4.97132748e-01
-4.98301446e-01
-4.99465436e-01
-5.00624776e-01
-5.01779318e-01
-5.02929211e-01
-5.04074335e-01
-5.05214751e-01
-5.06350398e-01
-5.07481337e-01
-5.08607507e-01
-5.09728909e-01
-5.10845542e-01
-5.11957288e-01
-5.13064265e-01
-5.14166355e-01
-5.15263617e-01
-5.16356051e-01
-5.17443538e-01
-5.18526196e-01
-5.19603908e-01
-5.20676792e-01
-5.21744728e-01
-5.22807777e-01
-5.23865819e-01
-5.24918973e-01
-5.25967240e-01
-5.27010500e-01
-5.28048873e-01
-5.29082179e-01
-5.30110538e-01
-5.31133950e-01
-5.32152414e-01
-5.33165872e-01
-5.34174263e-01
-5.35177708e-01
-5.36176085e-01
-5.37169456e-01
-5.38157761e-01
-5.39140940e-01
-5.40118992e-01
-5.41092038e-01
-5.42059898e-01
-5.43022692e-01
-5.43980360e-01
-5.44932902e-01
-5.45880318e-01
-5.46822608e-01
-5.47759712e-01
-5.48691690e-01
-5.49618423e-01
-5.50540030e-01
-5.51456451e-01
-5.52367687e-01
-5.53273737e-01
-5.54174602e-01
-5.55070221e-01
-5.55960655e-01
-5.56845844e-01
-5.57725787e-01
-5.58600545e-01
-5.59470057e-01
-5.60334265e-01
-5.61193287e-01
-5.62047005e-01
-5.62895417e-01
-5.63738465e-01
-5.64576209e-01
-5.65408587e-01
-5.66235662e-01
-5.67057371e-01
-5.67873716e-01
-5.68684697e-01
-5.69490314e-01
-5.70290506e-01
-5.71085453e-01
-5.71874976e-01
-5.72659194e-01
-5.73437989e-01
-5.74211359e-01
-5.74979365e-01
-5.75741887e-01
-5.76499045e-01
-5.77250779e-01
-5.77997088e-01
-5.78737974e-01
-5.79473436e-01
-5.80203414e-01
-5.80927908e-01
-5.81646979e-01
-5.82360506e-01
-5.83068669e-01
-5.83771288e-01
-5.84468484e-01
-5.85160136e-01
-5.85846305e-01
-5.86526990e-01
-5.87202191e-01
-5.87871850e-01
-5.88535964e-01
-5.89194536e-01
-5.89847565e-01
-5.90494990e-01
-5.91136813e-01
-5.91773152e-01
-5.92403889e-01
-5.93029022e-01
-5.93648493e-01
-5.94262362e-01
-5.94870687e-01
-5.95473349e-01
-5.96070468e-01
-5.96661925e-01
-5.97247839e-01
-5.97828031e-01
-5.98402679e-01
-5.98971665e-01
-5.99535048e-01
-6.00092828e-01
-6.00644886e-01
-6.01191342e-01
-6.01732075e-01
-6.02267206e-01
-6.02796614e-01
-6.03320420e-01
-6.03838503e-01
-6.04350984e-01
-6.04857743e-01
-6.05358899e-01
-6.05854392e-01
-6.06344283e-01
-6.06828451e-01
-6.07307017e-01
-6.07779920e-01
-6.08247221e-01
-6.08708799e-01
-6.09164715e-01
-6.09614909e-01
-6.10059500e-01
-6.10498428e-01
-6.10931575e-01
-6.11359000e-01
-6.11780703e-01
-6.12196624e-01
-6.12606764e-01
-6.13011062e-01
-6.13409460e-01
-6.13802016e-01
-6.14188731e-01
-6.14569604e-01
-6.14944577e-01
-6.15313709e-01
-6.15676999e-01
-6.16034448e-01
-6.16385996e-01
-6.16731703e-01
-6.17071569e-01
-6.17405593e-01
-6.17733717e-01
-6.18055999e-01
-6.18372440e-01
-6.18683040e-01
-6.18987739e-01
-6.19286537e-01
-6.19579494e-01
-6.19866610e-01
-6.20147884e-01
-6.20423257e-01
-6.20692790e-01
-6.20956481e-01
-6.21214330e-01
-6.21466279e-01
-6.21712387e-01
-6.21952653e-01
-6.22187078e-01
-6.22415602e-01
-6.22638285e-01
-6.22855127e-01
-6.23066068e-01
-6.23271108e-01
-6.23470306e-01
-6.23663723e-01
-6.23851240e-01
-6.24032855e-01
-6.24208570e-01
-6.24378502e-01
-6.24542534e-01
-6.24700725e-01
-6.24853075e-01
-6.24999523e-01
-6.25140071e-01
-6.25274718e-01
-6.25403464e-01
-6.25526249e-01
-6.25643253e-01
-6.25754416e-01
-6.25859678e-01
-6.25959098e-01
-6.26052558e-01
-6.26140237e-01
-6.26222014e-01
-6.26297891e-01
-6.26367867e-01
-6.26432061e-01
-6.26490295e-01
-6.26542687e-01
-6.26589179e-01
-6.26629770e-01
-6.26664460e-01
-6.26693249e-01
-6.26716137e-01
-6.26733124e-01
-6.26744270e-01
-6.26749456e-01
-6.26748860e-01
-6.26742303e-01
-6.26729906e-01
-6.26711607e-01
-6.26687467e-01
-6.26657367e-01
-6.26621485e-01
-6.26579642e-01
-6.26531959e-01
-6.26478314e-01
-6.26418889e-01
-6.26353562e-01
-6.26282275e-01
-6.26205206e-01
-6.26122236e-01
-6.26033366e-01
-6.25938654e-01
-6.25838041e-01
-6.25731587e-01
-6.25619292e-01
-6.25501096e-01
-6.25376999e-01
-6.25247002e-01
-6.25111043e-01
-6.24969304e-01
-6.24821663e-01
-6.24668181e-01
-6.24508798e-01
-6.24343574e-01
-6.24172449e-01
-6.23995483e-01
-6.23812616e-01
-6.23623848e-01
-6.23429298e-01
-6.23228848e-01
-6.23022556e-01
-6.22810423e-01
-6.22592390e-01
-6.22368455e-01
-6.22138679e-01
-6.21903062e-01
-6.21661544e-01
-6.21414185e-01
-6.21160984e-01
-6.20901883e-01
-6.20637000e-01
-6.20366216e-01
-6.20089591e-01
-6.19807124e-01
-6.19518816e-01
-6.19224668e-01
-6.18924618e-01
-6.18618667e-01
-6.18306816e-01
-6.17989063e-01
-6.17665470e-01
-6.17336035e-01
-6.17000759e-01
-6.16659641e-01
-6.16312683e-01
-6.15959883e-01
-6.15601242e-01
-6.15236759e-01
-6.14866436e-01
-6.14490211e-01
-6.14108145e-01
-6.13720238e-01
-6.13326550e-01
-6.12927020e-01
-6.12521589e-01
-6.12110257e-01
-6.11693084e-01
-6.11270249e-01
-6.10841691e-01
-6.10407472e-01
-6.09967589e-01
-6.09522045e-01
-6.09070897e-01
-6.08614087e-01
-6.08151495e-01
-6.07683301e-01
-6.07209444e-01
-6.06729925e-01
-6.06244624e-01
-6.05753720e-01
-6.05257094e-01
-6.04754865e-01
-6.04246974e-01
-6.03733420e-01
-6.03214204e-01
-6.02689326e-01
-6.02158844e-01
-6.01622641e-01
-6.01080835e-01
-6.00533307e-01
-5.99980175e-01
-5.99421382e-01
-5.98856986e-01
-5.98286986e-01
-5.97711325e-01
-5.97130060e-01
-5.96543193e-01
-5.95950723e-01
-5.95352650e-01
-5.94748974e-01
-5.94139636e-01
-5.93524754e-01
-5.92904270e-01
-5.92278183e-01
-5.91646492e-01
-5.91009200e-01
-5.90366364e-01
-5.89717925e-01
-5.89063942e-01
-5.88404417e-01
-5.87739348e-01
-5.87068737e-01
-5.86392641e-01
-5.85711062e-01
-5.85023999e-01
-5.84331393e-01
-5.83633363e-01
-5.82929790e-01
-5.82220793e-01
-5.81506252e-01
-5.80786347e-01
-5.80061018e-01
-5.79330146e-01
-5.78593850e-01
-5.77852070e-01
-5.77104926e-01
-5.76352358e-01
-5.75594366e-01
-5.74830949e-01
-5.74062169e-01
-5.73287964e-01
-5.72508395e-01
-5.71723402e-01
-5.70932984e-01
-5.70137262e-01
-5.69336176e-01
-5.68529665e-01
-5.67717791e-01
-5.66900611e-01
-5.66078126e-01
-5.65250278e-01
-5.64417124e-01
-5.63578606e-01
-5.62734723e-01
-5.61885536e-01
-5.61031103e-01
-5.60171425e-01
-5.59306443e-01
-5.58436275e-01
-5.57560861e-01
-5.56680143e-01
-5.55794239e-01
-5.54903030e-01
-5.54006696e-01
-5.53105175e-01
-5.52198410e-01
-5.51286459e-01
-5.50369322e-01
-5.49447060e-01
-5.48519611e-01
-5.47586977e-01
-5.46649218e-01
-5.45706272e-01
-5.44758201e-01
-5.43805003e-01
-5.42846680e-01
-5.41883230e-01
-5.40914714e-01
-5.39941072e-01
-5.38962364e-01
-5.37978530e-01
-5.36989629e-01
-5.35995662e-01
-5.34996629e-01
-5.33992589e-01
-5.32983601e-01
-5.31969666e-01
-5.30950665e-01
-5.29926777e-01
-5.28897822e-01
-5.27863920e-01
-5.26825070e-01
-5.25781333e-01
-5.24732590e-01
-5.23678958e-01
-5.22620320e-01
-5.21556795e-01
-5.20488381e-01
-5.19415021e-01
-5.18336833e-01
-5.17253757e-01
-5.16165793e-01
-5.15072942e-01
-5.13975263e-01
-5.12872696e-01
-5.11765361e-01
-5.10653138e-01
-5.09536088e-01
-5.08414268e-01
-5.07287621e-01
-5.06156266e-01
-5.05020201e-01
-5.03879428e-01
-5.02733886e-01
-5.01583695e-01
-5.00428677e-01
-4.99269009e-01
-4.98104602e-01
-4.96935546e-01
-4.95761812e-01
-4.94583428e-01
-4.93400395e-01
-4.92212743e-01
-4.91020441e-01
-4.89823490e-01
-4.88621950e-01
-4.87415820e-01
-4.86205071e-01
-4.84989792e-01
-4.83769894e-01
-4.82545495e-01
-4.81316507e-01
-4.80083048e-01
-4.78845030e-01
-4.77602512e-01
-4.76355493e-01
-4.75104004e-01
-4.73848015e-01
-4.72587585e-01
-4.71322685e-01
-4.70053375e-01
-4.68779653e-01
-4.67501491e-01
-4.66218948e-01
-4.64931995e-01
-4.63640720e-01
-4.62345034e-01
-4.61044997e-01
-4.59740609e-01
-4.58431929e-01
-4.57118958e-01
-4.55801636e-01
-4.54480052e-01
-4.53154176e-01
-4.51824069e-01
-4.50489670e-01
-4.49151069e-01
-4.47808206e-01
-4.46461171e-01
-4.45109904e-01
-4.43754494e-01
-4.42394853e-01
-4.41031069e-01
-4.39663142e-01
-4.38291043e-01
-4.36914861e-01
-4.35534537e-01
-4.34150130e-01
-4.32761580e-01
-4.31369036e-01
-4.29972380e-01
-4.28571701e-01
-4.27166998e-01
-4.25758213e-01
-4.24345434e-01
-4.22928691e-01
-4.21508014e-01
-4.20083284e-01
-4.18654621e-01
-4.17222083e-01
-4.15785581e-01
-4.14345145e-01
-4.12900805e-01
-4.11452562e-01
-4.10000443e-01
-4.08544451e-01
-4.07084674e-01
-4.05621052e-01
-4.04153585e-01
-4.02682334e-01
-4.01207298e-01
-3.99728477e-01
-3.98245871e-01
-3.96759540e-01
-3.95269454e-01
-3.93775642e-01
-3.92278135e-01
-3.90776902e-01
-3.89272004e-01
-3.87763470e-01
-3.86251241e-01
-3.84735405e-01
-3.83215934e-01
-3.81692857e-01
-3.80166173e-01
-3.78635943e-01
-3.77102137e-01
-3.75564784e-01
-3.74023885e-01
-3.72479469e-01
-3.70931566e-01
-3.69380146e-01
-3.67825270e-01
-3.66266966e-01
-3.64705235e-01
-3.63140047e-01
-3.61571431e-01
-3.59999418e-01
-3.58424067e-01
-3.56845319e-01
-3.55263203e-01
-3.53677750e-01
-3.52088988e-01
-3.50496918e-01
-3.48901540e-01
-3.47302914e-01
-3.45701009e-01
-3.44095826e-01
-3.42487454e-01
-3.40875864e-01
-3.39261055e-01
-3.37643057e-01
-3.36021900e-01
-3.34397584e-01
-3.32770109e-01
-3.31139505e-01
-3.29505801e-01
-3.27869028e-01
-3.26229155e-01
-3.24586213e-01
-3.22940260e-01
-3.21291238e-01
-3.19639176e-01
-3.17984134e-01
-3.16326112e-01
-3.14665109e-01
-3.13001156e-01
-3.11334252e-01
-3.09664398e-01
-3.07991654e-01
-3.06316018e-01
-3.04637492e-01
-3.02956104e-01
-3.01271915e-01
-2.99584866e-01
-2.97895014e-01
-2.96202332e-01
-2.94506878e-01
-2.92808652e-01
-2.91107684e-01
-2.89404005e-01
-2.87697554e-01
-2.85988450e-01
-2.84276634e-01
-2.82562137e-01
-2.80844986e-01
-2.79125184e-01
-2.77402788e-01
-2.75677800e-01
-2.73950189e-01
-2.72220016e-01
-2.70487309e-01
-2.68752009e-01
-2.67014205e-01
-2.65273869e-01
-2.63531089e-01
-2.61785805e-01
-2.60038108e-01
-2.58287936e-01
-2.56535351e-01
-2.54780293e-01
-2.53022879e-01
-2.51263112e-01
-2.49500975e-01
-2.47736484e-01
-2.45969653e-01
-2.44200513e-01
-2.42429093e-01
-2.40655378e-01
-2.38879412e-01
-2.37101197e-01
-2.35320732e-01
-2.33538061e-01
-2.31753200e-01
-2.29966149e-01
-2.28176951e-01
-2.26385608e-01
-2.24592105e-01
-2.22796500e-01
-2.20998794e-01
-2.19199017e-01
-2.17397183e-01
-2.15593278e-01
-2.13787377e-01
-2.11979449e-01
-2.10169509e-01
-2.08357617e-01
-2.06543759e-01
-2.04727963e-01
-2.02910230e-01
-2.01090574e-01
-1.99269041e-01
-1.97445616e-01
-1.95620343e-01
-1.93793252e-01
-1.91964313e-01
-1.90133557e-01
-1.88301042e-01
-1.86466739e-01
-1.84630677e-01
-1.82792887e-01
-1.80953383e-01
-1.79112166e-01
-1.77269280e-01
-1.75424725e-01
-1.73578516e-01
-1.71730697e-01
-1.69881240e-01
-1.68030202e-01
-1.66177586e-01
-1.64323404e-01
-1.62467659e-01
-1.60610408e-01
-1.58751652e-01
-1.56891406e-01
-1.55029699e-01
-1.53166518e-01
-1.51301906e-01
-1.49435863e-01
-1.47568434e-01
-1.45699605e-01
-1.43829405e-01
-1.41957849e-01
-1.40084952e-01
-1.38210759e-01
-1.36335254e-01
-1.34458497e-01
-1.32580444e-01
-1.30701169e-01
-1.28820658e-01
-1.26938939e-01
-1.25056013e-01
-1.23171926e-01
-1.21286683e-01
-1.19400293e-01
-1.17512792e-01
-1.15624182e-01
-1.13734469e-01
-1.11843698e-01
-1.09951869e-01
-1.08059004e-01
-1.06165126e-01
-1.04270242e-01
-1.02374382e-01
-1.00477554e-01
-9.85797867e-02
-9.66810882e-02
-9.47814733e-02
-9.28809717e-02
-9.09795985e-02
-8.90773684e-02
-8.71743038e-02
-8.52704123e-02
-8.33657309e-02
-8.14602673e-02
-7.95540437e-02
-7.76470676e-02
-7.57393539e-02
-7.38309249e-02
-7.19218105e-02
-7.00120181e-02
-6.81015700e-02
-6.61904812e-02
-6.42787665e-02
-6.23664521e-02
-6.04535528e-02
-5.85400835e-02
-5.66260628e-02
-5.47115095e-02
-5.27964421e-02
-5.08808829e-02
-4.89648394e-02
-4.70483378e-02
-4.51313928e-02
-4.32140231e-02
-4.12962437e-02
-3.93780805e-02
-3.74595448e-02
-3.55406590e-02
-3.36214378e-02
-3.17019001e-02
-2.97820661e-02
-2.78619528e-02
-2.59415787e-02
-2.40209606e-02
-2.21001152e-02
-2.01790612e-02
-1.82578191e-02
-1.63364038e-02
-1.44148367e-02
-1.24931317e-02
-1.05713103e-02
-8.64938926e-03
-6.72738720e-03
-4.80532181e-03
-2.88321124e-03
-9.61073383e-04
9.61073383e-04
2.88321124e-03
