-3.63965402e-03
-1.21322181e-03
1.21322181e-03
3.63965402e-03
6.06605224e-03
8.49239249e-03
1.09186536e-02
1.33448122e-02
1.57708451e-02
1.81967318e-02
2.06224453e-02
2.30479669e-02
2.54732743e-02
2.78983414e-02
3.03231478e-02
3.27476673e-02
3.51718850e-02
3.75957675e-02
4.00192998e-02
4.24424596e-02
4.48652208e-02
4.72875610e-02
4.97094579e-02
5.21308891e-02
5.45518287e-02
5.69722578e-02
5.93921505e-02
6.18114918e-02
6.42302483e-02
6.66484013e-02
6.90659285e-02
7.14828074e-02
7.38990158e-02
7.63145313e-02
7.87293389e-02
8.11434090e-02
8.35567117e-02
8.59692320e-02
8.83809477e-02
9.07918364e-02
9.32018757e-02
9.56110358e-02
9.80193019e-02
1.00426659e-01
1.02833062e-01
1.05238497e-01
1.07642956e-01
1.10046394e-01
1.12448812e-01
1.14850171e-01
1.17250457e-01
1.19649634e-01
1.22047685e-01
1.24444604e-01
1.26840353e-01
1.29234910e-01
1.31628260e-01
1.34020388e-01
1.36411235e-01
1.38800815e-01
1.41189098e-01
1.43576056e-01
1.45961657e-01
1.48345917e-01
1.50728762e-01
1.53110191e-01
1.55490190e-01
1.57868728e-01
1.60245791e-01
1.62621349e-01
1.64995387e-01
1.67367890e-01
1.69738814e-01
1.72108144e-01
1.74475864e-01
1.76841974e-01
1.79206401e-01
1.81569159e-01
1.83930218e-01
1.86289549e-01
1.88647151e-01
1.91002965e-01
1.93356991e-01
1.95709199e-01
1.98059574e-01
2.00408071e-01
2.02754721e-01
2.05099434e-01
2.07442239e-01
2.09783092e-01
2.12121964e-01
2.14458868e-01
2.16793746e-01
2.19126597e-01
2.21457392e-01
2.23786101e-01
2.26112708e-01
2.28437200e-01
2.30759561e-01
2.33079746e-01
2.35397726e-01
2.37713501e-01
2.40027055e-01
2.42338344e-01
2.44647369e-01
2.46954098e-01
2.49258518e-01
2.51560569e-01
2.53860295e-01
2.56157637e-01
2.58452594e-01
2.60745108e-01
2.63035148e-01
2.65322745e-01
2.67607868e-01
2.69890487e-01
2.72170573e-01
2.74448097e-01
2.76723057e-01
2.78995395e-01
2.81265140e-01
2.83532232e-01
2.85796702e-01
2.88058460e-01
2.90317535e-01
2.92573869e-01
2.94827491e-01
2.97078341e-01
2.99326390e-01
3.01571637e-01
3.03814083e-01
3.06053638e-01
3.08290362e-01
3.10524195e-01
3.12755108e-01
3.14983070e-01
3.17208081e-01
3.19430143e-01
3.21649224e-01
3.23865235e-01
3.26078266e-01
3.28288198e-01
3.30495059e-01
3.32698822e-01
3.34899485e-01
3.37096989e-01
3.39291364e-01
3.41482520e-01
3.43670487e-01
3.45855236e-01
3.48036766e-01
3.50215018e-01
3.52389961e-01
3.54561657e-01
3.56729984e-01
3.58895004e-01
3.61056626e-01
3.63214910e-01
3.65369737e-01
3.67521167e-01
3.69669139e-01
3.71813685e-01
3.73954713e-01
3.76092225e-01
3.78226191e-01
3.80356610e-01
3.82483482e-01
3.84606749e-01
3.86726409e-01
3.88842434e-01
3.90954763e-01
3.93063456e-01
3.95168453e-01
3.97269696e-01
3.99367243e-01
4.01461035e-01
4.03551072e-01
4.05637294e-01
4.07719731e-01
4.09798354e-01
4.11873072e-01
4.13943917e-01
4.16010886e-01
4.18073952e-01
4.20133084e-01
4.22188282e-01
4.24239516e-01
4.26286787e-01
4.28330034e-01
4.30369228e-01
4.32404399e-01
4.34435517e-01
4.36462522e-01
4.38485473e-01
4.40504283e-01
4.42518950e-01
4.44529474e-01
4.46535826e-01
4.48537976e-01
4.50535893e-01
4.52529609e-01
4.54519063e-01
4.56504226e-01
4.58485126e-01
4.60461676e-01
4.62433964e-01
4.64401841e-01
4.66365367e-01
4.68324572e-01
4.70279336e-01
4.72229689e-01
4.74175602e-01
4.76117045e-01
4.78054047e-01
4.79986548e-01
4.81914520e-01
4.83838022e-01
4.85756904e-01
4.87671256e-01
4.89581019e-01
4.91486222e-01
4.93386775e-01
4.95282710e-01
4.97173935e-01
4.99060541e-01
5.00942469e-01
5.02819657e-01
5.04692197e-01
5.06559968e-01
5.08423030e-01
5.10281265e-01
5.12134790e-01
5.13983428e-01
5.15827298e-01
5.17666280e-01
5.19500434e-01
5.21329641e-01
5.23154020e-01
5.24973452e-01
5.26787937e-01
5.28597534e-01
5.30402124e-01
5.32201767e-01
5.33996403e-01
5.35786033e-01
5.37570715e-01
5.39350331e-01
5.41124880e-01
5.42894363e-01
5.44658661e-01
5.46417892e-01
5.48171937e-01
5.49920797e-01
5.51664591e-01
5.53403139e-01
5.55136561e-01
5.56864738e-01
5.58587670e-01
5.60305417e-01
5.62017918e-01
5.63725114e-01
5.65427005e-01
5.67123592e-01
5.68814874e-01
5.70500731e-01
5.72181284e-01
5.73856413e-01
5.75526237e-01
5.77190518e-01
5.78849435e-01
5.80502927e-01
5.82150996e-01
5.83793581e-01
5.85430741e-01
5.87062418e-01
5.88688612e-01
5.90309262e-01
5.91924369e-01
5.93533874e-01
5.95137775e-01
5.96736073e-01
5.98328769e-01
5.99915862e-01
6.01497352e-01
6.03073120e-01
6.04643285e-01
6.06207728e-01
6.07766628e-01
6.09319746e-01
6.10867262e-01
6.12409055e-01
6.13945186e-01
6.15475476e-01
6.16999924e-01
6.18518531e-01
6.20031357e-01
6.21538281e-01
6.23039305e-01
6.24534547e-01
6.26023889e-01
6.27507329e-01
6.28984869e-01
6.30456448e-01
6.31922185e-01
6.33382022e-01
6.34835958e-01
6.36283875e-01
6.37725890e-01
6.39161885e-01
6.40591919e-01
6.42015874e-01
6.43433809e-01
6.44845665e-01
6.46251440e-01
6.47651196e-01
6.49044871e-01
6.50432408e-01
6.51813805e-01
6.53189123e-01
6.54558301e-01
6.55921280e-01
6.57278180e-01
6.58628821e-01
6.59973383e-01
6.61311686e-01
6.62643850e-01
6.63969755e-01
6.65289462e-01
6.66602910e-01
6.67910099e-01
6.69210970e-01
6.70505583e-01
6.71793818e-01
6.73075795e-01
6.74351394e-01
6.75620735e-01
6.76883638e-01
6.78140283e-01
6.79390490e-01
6.80634320e-01
6.81871772e-01
6.83102846e-01
6.84327543e-01
6.85545743e-01
6.86757565e-01
6.87962949e-01
6.89161897e-01
6.90354407e-01
6.91540360e-01
6.92719817e-01
6.93892717e-01
6.95059121e-01
6.96219027e-01
6.97372317e-01
6.98519051e-01
6.99659228e-01
7.00792849e-01
7.01919854e-01
7.03040302e-01
7.04154074e-01
7.05261350e-01
7.06361890e-01
7.07455873e-01
7.08543181e-01
7.09623873e-01
7.10697889e-01
7.11765230e-01
7.12825954e-01
7.13879943e-01
7.14927256e-01
7.15967894e-01
7.17001796e-01
7.18028903e-01
7.19049215e-01
7.20062792e-01
7.21069574e-01
7.22069561e-01
7.23062754e-01
7.24049151e-01
7.25028694e-01
7.26001501e-01
7.26967454e-01
7.27926612e-01
7.28878856e-01
7.29824305e-01
7.30762899e-01
7.31694579e-01
7.32619464e-01
7.33537376e-01
7.34448433e-01
7.35352695e-01
7.36249983e-01
7.37140357e-01
7.38023818e-01
7.38900363e-01
7.39769995e-01
7.40632713e-01
7.41488457e-01
7.42337227e-01
7.43178964e-01
7.44013786e-01
7.44841516e-01
7.45662212e-01
7.46475935e-01
7.47282684e-01
7.48082340e-01
7.48875022e-01
7.49660611e-01
7.50439167e-01
7.51210630e-01
7.51975060e-01
7.52732396e-01
7.53482640e-01
7.54225791e-01
7.54961789e-01
7.55690813e-01
7.56412625e-01
7.57127345e-01
7.57834911e-01
7.58535326e-01
7.59228587e-01
7.59914696e-01
7.60593653e-01
7.61265457e-01
7.61930108e-01
7.62587607e-01
7.63237953e-01
7.63881147e-01
7.64517188e-01
7.65146017e-01
7.65767694e-01
7.66382158e-01
7.66989291e-01
7.67589152e-01
7.68181741e-01
7.68767059e-01
7.69345105e-01
7.69915938e-01
7.70479441e-01
7.71035731e-01
7.71584690e-01
7.72126377e-01
7.72660732e-01
7.73187816e-01
7.73707628e-01
7.74220109e-01
7.74725318e-01
7.75223136e-01
7.75713801e-01
7.76197016e-01
7.76673019e-01
7.77141631e-01
7.77602971e-01
7.78056979e-01
7.78503716e-01
7.78943002e-01
7.79375017e-01
7.79799700e-01
7.80217052e-01
7.80627012e-01
7.81029642e-01
7.81424999e-01
7.81812847e-01
7.82193363e-01
7.82566547e-01
7.82932281e-01
7.83290684e-01
7.83641756e-01
7.83985376e-01
7.84321666e-01
7.84650564e-01
7.84972072e-01
7.85286129e-01
7.85592854e-01
7.85892189e-01
7.86184132e-01
7.86468625e-01
7.86745787e-01
7.87015557e-01
7.87277877e-01
7.87532866e-01
7.87780464e-01
7.88020611e-01
7.88253367e-01
7.88478732e-01
7.88696587e-01
7.88907051e-01
7.89110065e-01
7.89305627e-01
7.89493740e-01
7.89674461e-01
7.89847672e-01
7.90013492e-01
7.90171802e-01
7.90322721e-01
7.90466130e-01
7.90602088e-01
7.90730655e-01
7.90851712e-01
7.90965378e-01
7.91071594e-01
7.91170299e-01
7.91261494e-01
7.91345298e-01
7.91421592e-01
7.91490376e-01
7.91551709e-01
7.91605592e-01
7.91651964e-01
7.91690886e-01
7.91722298e-01
7.91746259e-01
7.91762710e-01
7.91771710e-01
7.91773200e-01
7.91767180e-01
7.91753650e-01
7.91732609e-01
7.91704118e-01
7.91668117e-01
7.91624606e-01
7.91573584e-01
7.91515172e-01
7.91449249e-01
7.91375875e-01
7.91294992e-01
7.91206658e-01
7.91110873e-01
7.91007578e-01
7.90896833e-01
7.90778577e-01
7.90652871e-01
7.90519774e-01
7.90379167e-01
7.90231168e-01
7.90075719e-01
7.89912820e-01
7.89742470e-01
7.89564669e-01
7.89379358e-01
7.89186656e-01
7.88986444e-01
7.88778841e-01
7.88563728e-01
7.88341284e-01
7.88111329e-01
7.87874043e-01
7.87629306e-01
7.87377119e-01
7.87117541e-01
7.86850572e-01
7.86576211e-01
7.86294520e-01
7.86005318e-01
7.85708785e-01
7.85404801e-01
7.85093427e-01
7.84774661e-01
7.84448504e-01
7.84114957e-01
7.83774018e-01
7.83425748e-01
7.83070087e-01
7.82707095e-01
7.82336593e-01
7.81958818e-01
7.81573653e-01
7.81181097e-01
7.80781209e-01
7.80373931e-01
7.79959321e-01
7.79537380e-01
7.79108107e-01
7.78671503e-01
7.78227508e-01
7.77776241e-01
7.77317584e-01
7.76851714e-01
7.76378453e-01
7.75897861e-01
7.75409997e-01
7.74914742e-01
7.74412274e-01
7.73902416e-01
7.73385346e-01
7.72860885e-01
7.72329211e-01
7.71790147e-01
7.71243870e-01
7.70690262e-01
7.70129383e-01
7.69561291e-01
7.68985868e-01
7.68403172e-01
7.67813206e-01
7.67215967e-01
7.66611397e-01
7.65999556e-01
7.65380383e-01
7.64754057e-01
7.64120579e-01
7.63479888e-01
7.62832046e-01
7.62177050e-01
7.61514902e-01
7.60845602e-01
7.60169148e-01
7.59485543e-01
7.58794785e-01
7.58096933e-01
7.57392049e-01
7.56679952e-01
7.55960763e-01
7.55234361e-01
7.54500806e-01
7.53760099e-01
7.53012419e-01
7.52257586e-01
7.51495779e-01
7.50726759e-01
7.49950707e-01
7.49167562e-01
7.48377383e-01
7.47580171e-01
7.46775866e-01
7.45964587e-01
7.45146215e-01
7.44320929e-01
7.43488550e-01
7.42649198e-01
7.41802812e-01
7.40949452e-01
7.40089118e-01
7.39221811e-01
7.38347590e-01
7.37466455e-01
7.36578405e-01
7.35683441e-01
7.34781504e-01
7.33872652e-01
7.32956946e-01
7.32034326e-01
7.31104851e-01
7.30168521e-01
7.29225338e-01
7.28275180e-01
7.27318227e-01
7.26354420e-01
7.25383818e-01
7.24406362e-01
7.23422110e-01
7.22431064e-01
7.21433163e-01
7.20428586e-01
7.19417095e-01
7.18398869e-01
7.17373908e-01
7.16342151e-01
7.15303600e-01
7.14258313e-01
7.13206291e-01
7.12147534e-01
7.11082101e-01
7.10009992e-01
7.08931267e-01
7.07845867e-01
7.06753731e-01
7.05655038e-01
7.04549670e-01
7.03437686e-01
7.02319145e-01
7.01193929e-01
7.00062156e-01
6.98923767e-01
6.97778881e-01
6.96627319e-01
6.95469201e-01
6.94304526e-01
6.93133414e-01
6.91955686e-01
6.90771461e-01
6.89580679e-01
6.88383400e-01
6.87179625e-01
6.85969412e-01
6.84752762e-01
6.83529675e-01
6.82300150e-01
6.81064248e-01
6.79822028e-01
6.78573310e-01
6.77318275e-01
6.76056802e-01
6.74789071e-01
6.73514903e-01
6.72234416e-01
6.70947611e-01
6.69654489e-01
6.68354988e-01
6.67049229e-01
6.65737212e-01
6.64418876e-01
6.63094282e-01
6.61763430e-01
6.60426378e-01
6.59083128e-01
6.57733738e-01
6.56378150e-01
6.55016303e-01
6.53648376e-01
6.52274251e-01
6.50894046e-01
6.49507701e-01
6.48115218e-01
6.46716714e-01
6.45312071e-01
6.43901348e-01
6.42484546e-01
6.41061723e-01
6.39632821e-01
6.38197899e-01
6.36756957e-01
6.35310054e-01
6.33857131e-01
6.32398307e-01
6.30933523e-01
6.29462838e-01
6.27986252e-01
6.26503646e-01
6.25015259e-01
6.23520911e-01
6.22020721e-01
6.20514631e-01
6.19002759e-01
6.17484927e-01
6.15961254e-01
6.14431798e-01
6.12896502e-01
6.11355364e-01
6.09808505e-01
6.08255982e-01
6.06697798e-01
6.05133951e-01
6.03564501e-01
6.01989329e-01
6.00408435e-01
5.98821938e-01
5.97229779e-01
5.95632017e-01
5.94028711e-01
5.92419744e-01
5.90805173e-01
5.89185059e-01
5.87559342e-01
5.85928142e-01
5.84291458e-01
5.82649231e-01
5.81001580e-01
5.79348385e-01
5.77689826e-01
5.76025784e-01
5.74356377e-01
5.72681487e-01
5.71001291e-01
5.69315672e-01
5.67624688e-01
5.65928340e-01
5.64226687e-01
5.62519670e-01
5.60807347e-01
5.59089780e-01
5.57366908e-01
5.55638790e-01
5.53905487e-01
5.52167058e-01
5.50423324e-01
5.48674464e-01
5.46920419e-01
5.45161188e-01
5.43396890e-01
5.41627407e-01
5.39852858e-01
5.38073182e-01
5.36288500e-01
5.34498751e-01
5.32703936e-01
5.30904174e-01
5.29099345e-01
5.27289569e-01
5.25474846e-01
5.23655236e-01
5.21830618e-01
5.20001113e-01
5.18166661e-01
5.16327381e-01
5.14483273e-01
5.12634277e-01
5.10780394e-01
5.08921742e-01
5.07058322e-01
5.05190194e-01
5.03317237e-01
5.01439512e-01
4.99557108e-01
4.97669995e-01
4.95778173e-01
4.93881702e-01
4.91980582e-01
4.90074843e-01
4.88164425e-01
4.86249447e-01
4.84329879e-01
4.82405752e-01
4.80477095e-01
4.78543878e-01
4.76606160e-01
4.74663943e-01
4.72717255e-01
4.70766127e-01
4.68810558e-01
4.66850579e-01
4.64886218e-01
4.62917477e-01
4.60944325e-01
4.58966911e-01
4.56985116e-01
4.54999000e-01
4.53008652e-01
4.51014012e-01
4.49015111e-01
4.47011977e-01
4.45004642e-01
4.42993104e-01
4.40977395e-01
4.38957512e-01
4.36933517e-01
4.34905380e-01
4.32873130e-01
4.30836797e-01
4.28796440e-01
4.26752031e-01
4.24703568e-01
4.22651112e-01
4.20594692e-01
4.18534309e-01
4.16469961e-01
4.14401680e-01
4.12329525e-01
4.10253465e-01
4.08173561e-01
4.06089753e-01
4.04002160e-01
4.01910722e-01
3.99815500e-01
3.97716522e-01
3.95613790e-01
3.93507332e-01
3.91397148e-01
3.89283270e-01
3.87165755e-01
3.85044575e-01
3.82919729e-01
3.80791277e-01
3.78659248e-01
3.76523614e-01
3.74384463e-01
3.72241765e-01
3.70095581e-01
3.67945880e-01
3.65792722e-01
3.63636166e-01
3.61476153e-01
3.59312773e-01
3.57145965e-01
3.54975820e-01
3.52802336e-01
3.50625545e-01
3.48445445e-01
3.46262038e-01
3.44075412e-01
3.41885507e-01
3.39692444e-01
3.37496161e-01
3.35296690e-01
3.33094060e-01
3.30888331e-01
3.28679442e-01
3.26467484e-01
3.24252456e-01
3.22034389e-01
3.19813251e-01
3.17589134e-01
3.15362036e-01
3.13131958e-01
3.10898930e-01
3.08662951e-01
3.06424111e-01
3.04182321e-01
3.01937699e-01
2.99690276e-01
2.97439992e-01
2.95186907e-01
2.92931020e-01
2.90672392e-01
2.88411051e-01
2.86146969e-01
2.83880234e-01
2.81610817e-01
2.79338747e-01
2.77064025e-01
2.74786711e-01
2.72506833e-01
2.70224363e-01
2.67939329e-01
2.65651792e-01
2.63361782e-01
2.61069268e-01
2.58774310e-01
2.56476909e-01
2.54177064e-01
2.51874834e-01
2.49570251e-01
2.47263312e-01
2.44954035e-01
2.42642462e-01
2.40328595e-01
2.38012463e-01
2.35694095e-01
2.33373493e-01
2.31050700e-01
2.28725731e-01
2.26398617e-01
2.24069342e-01
2.21737966e-01
2.19404489e-01
2.17068955e-01
2.14731395e-01
2.12391794e-01
2.10050181e-01
2.07706600e-01
2.05361053e-01
2.03013569e-01
2.00664192e-01
1.98312894e-01
1.95959732e-01
1.93604723e-01
1.91247910e-01
1.88889265e-01
1.86528847e-01
1.84166685e-01
1.81802779e-01
1.79437146e-01
1.77069843e-01
1.74700856e-01
1.72330245e-01
1.69958010e-01
1.67584151e-01
1.65208727e-01
1.62831753e-01
1.60453245e-01
1.58073217e-01
1.55691713e-01
1.53308734e-01
1.50924325e-01
1.48538485e-01
1.46151260e-01
1.43762663e-01
1.41372710e-01
1.38981432e-01
1.36588827e-01
1.34194955e-01
1.31799802e-01
1.29403412e-01
1.27005786e-01
1.24606989e-01
1.22206993e-01
1.19805872e-01
1.17403612e-01
1.15000241e-01
1.12595797e-01
1.10190280e-01
1.07783727e-01
1.05376162e-01
1.02967598e-01
1.00558065e-01
9.81475860e-02
9.57361758e-02
9.33238640e-02
9.09106657e-02
8.84966105e-02
8.60817283e-02
8.36660340e-02
8.12495500e-02
7.88322985e-02
7.64143094e-02
7.39956051e-02
7.15762004e-02
6.91561252e-02
6.67353943e-02
6.43140376e-02
6.18920699e-02
5.94695285e-02
5.70464209e-02
5.46227768e-02
5.21986149e-02
4.97739650e-02
4.73488458e-02
4.49232794e-02
4.24972922e-02
4.00708988e-02
3.76441292e-02
3.52170020e-02
3.27895470e-02
3.03617809e-02
2.79337279e-02
2.55054142e-02
2.30768584e-02
2.06480846e-02
1.82191189e-02
1.57899819e-02
1.33606950e-02
1.09312842e-02
8.50176904e-03
6.07217383e-03
3.64252157e-03
1.21283461e-03
-1.21686363e-03
-3.64655070e-03
-6.07620319e-03
-8.50579888e-03
-1.09353140e-02
-1.33647267e-02
-1.57940127e-02
-1.82231516e-02
-2.06521172e-02
-2.30808929e-02
-2.55094506e-02
-2.79377680e-02
-3.03658210e-02
-3.27935889e-02
-3.52210477e-02
-3.76481749e-02
-4.00749445e-02
-4.25013378e-02
-4.49273326e-02
-4.73529026e-02
-4.97780293e-02
-5.22026867e-02
-5.46268523e-02
-5.70504963e-02
-5.94736077e-02
-6.18961602e-02
-6.43181279e-02
-6.67394921e-02
-6.91602230e-02
-7.15803131e-02
-7.39997253e-02
-7.64184371e-02
-7.88364336e-02
-8.12536851e-02
-8.36701840e-02
-8.60858858e-02
-8.85007828e-02
-9.09148380e-02
-9.33280438e-02
-9.57403630e-02
-9.81517881e-02
-1.00562282e-01
-1.02971829e-01
-1.05380408e-01
-1.07787989e-01
-1.10194549e-01
-1.12600066e-01
-1.15004532e-01
-1.17407903e-01
-1.19810171e-01
-1.22211315e-01
-1.24611303e-01
-1.27010122e-01
-1.29407749e-01
-1.31804153e-01
-1.34199321e-01
-1.36593223e-01
-1.38985842e-01
-1.41377136e-01
-1.43767118e-01
-1.46155745e-01
-1.48543000e-01
-1.50928855e-01
-1.53313294e-01
-1.55696288e-01
-1.58077821e-01
-1.60457835e-01
-1.62836373e-01
-1.65213346e-01
-1.67588785e-01
-1.69962645e-01
-1.72334895e-01
-1.74705535e-01
-1.77074507e-01
-1.79441825e-01
-1.81807443e-01
-1.84171364e-01
-1.86533540e-01
-1.88893959e-01
-1.91252619e-01
-1.93609476e-01
-1.95964485e-01
-1.98317677e-01
-2.00668976e-01
-2.03018397e-01
-2.05365896e-01
-2.07711458e-01
-2.10055068e-01
-2.12396681e-01
-2.14736298e-01
-2.17073888e-01
-2.19409436e-01
-2.21742928e-01
-2.24074304e-01
-2.26403594e-01
-2.28730738e-01
-2.31055737e-01
-2.33378559e-01
-2.35699162e-01
-2.38017559e-01
-2.40333706e-01
-2.42647588e-01
-2.44959190e-01
-2.47268468e-01
-2.49575436e-01
-2.51880050e-01
-2.54182309e-01
-2.56482154e-01
-2.58779585e-01
-2.61074573e-01
-2.63367146e-01
-2.65657187e-01
-2.67944753e-01
-2.70229816e-01
-2.72512287e-01
-2.74792224e-01
-2.77069539e-01
-2.79344290e-01
-2.81616390e-01
-2.83885837e-01
-2.86152601e-01
-2.88416654e-01
-2.90678054e-01
-2.92936683e-01
-2.95192540e-01
-2.97445655e-01
-2.99695939e-01
-3.01943392e-01
-3.04188013e-01
-3.06429803e-01
-3.08668703e-01
-3.10904652e-01
-3.13137710e-01
-3.15367788e-01
-3.17594916e-01
-3.19819093e-01
-3.22040230e-01
-3.24258327e-01
-3.26473355e-01
-3.28685343e-01
-3.30894232e-01
-3.33100021e-01
-3.35302651e-01
-3.37502122e-01
-3.39698434e-01
-3.41891497e-01
-3.44081402e-01
-3.46268058e-01
-3.48451436e-01
-3.50631535e-01
-3.52808356e-01
-3.54981840e-01
-3.57152015e-01
-3.59318793e-01
-3.61482233e-01
-3.63642216e-01
-3.65798801e-01
-3.67951959e-01
-3.70101660e-01
-3.72247845e-01
-3.74390572e-01
-3.76529753e-01
-3.78665388e-01
-3.80797446e-01
-3.82925898e-01
-3.85050774e-01
-3.87171984e-01
-3.89289528e-01
-3.91403437e-01
-3.93513650e-01
-3.95620137e-01
-3.97722900e-01
-3.99821877e-01
-4.01917130e-01
-4.04008567e-01
-4.06096220e-01
-4.08180028e-01
-4.10259992e-01
-4.12336141e-01
-4.14408356e-01
-4.16476667e-01
-4.18541044e-01
-4.20601457e-01
-4.22657937e-01
-4.24710393e-01
-4.26758856e-01
-4.28803295e-01
-4.30843681e-01
-4.32880014e-01
-4.34912264e-01
-4.36940402e-01
-4.38964427e-01
-4.40984339e-01
-4.43000078e-01
-4.45011675e-01
-4.47019070e-01
-4.49022263e-01
-4.51021194e-01
-4.53015864e-01
-4.55006272e-01
-4.56992388e-01
-4.58974212e-01
-4.60951716e-01
-4.62924868e-01
-4.64893639e-01
-4.66858059e-01
-4.68818039e-01
-4.70773607e-01
-4.72724736e-01
-4.74671394e-01
-4.76613611e-01
-4.78551328e-01
-4.80484545e-01
-4.82413262e-01
-4.84337389e-01
-4.86256987e-01
-4.88171965e-01
-4.90082353e-01
-4.91988122e-01
-4.93889242e-01
-4.95785713e-01
-4.97677505e-01
-4.99564648e-01
-5.01447022e-01
-5.03324747e-01
-5.05197763e-01
-5.07066011e-01
-5.08929491e-01
-5.10788202e-01
-5.12642145e-01
-5.14491200e-01
-5.16335368e-01
-5.18174589e-01
-5.20008981e-01
-5.21838486e-01
-5.23663163e-01
-5.25482833e-01
-5.27297556e-01
-5.29107332e-01
-5.30912161e-01
-5.32711983e-01
-5.34506798e-01
-5.36296606e-01
-5.38081348e-01
-5.39861023e-01
-5.41635633e-01
-5.43405116e-01
-5.45169473e-01
-5.46928644e-01
-5.48682690e-01
-5.50431550e-01
-5.52175283e-01
-5.53913772e-01
-5.55647135e-01
-5.57375193e-01
-5.59098065e-01
-5.60815632e-01
-5.62528014e-01
-5.64235091e-01
-5.65936804e-01
-5.67633152e-01
-5.69324136e-01
-5.71009696e-01
-5.72689950e-01
-5.74364781e-01
-5.76034248e-01
-5.77698231e-01
-5.79356909e-01
-5.81010044e-01
-5.82657754e-01
-5.84299982e-01
-5.85936725e-01
-5.87567985e-01
-5.89193642e-01
-5.90813756e-01
-5.92428327e-01
-5.94037294e-01
-5.95640600e-01
-5.97238362e-01
-5.98830462e-01
-6.00416958e-01
-6.01997793e-01
-6.03573024e-01
-6.05142593e-01
-6.06706500e-01
-6.08264685e-01
-6.09817207e-01
-6.11363947e-01
-6.12905025e-01
-6.14440322e-01
-6.15969837e-01
-6.17493451e-01
-6.19011223e-01
-6.20523155e-01
-6.22029185e-01
-6.23529434e-01
-6.25023723e-01
-6.26512229e-01
-6.27994716e-01
-6.29471362e-01
-6.30942166e-01
-6.32406950e-01
-6.33865833e-01
-6.35318696e-01
-6.36765599e-01
-6.38206542e-01
-6.39641464e-01
-6.41070426e-01
-6.42493308e-01
-6.43910110e-01
-6.45320833e-01
-6.46725535e-01
-6.48124099e-01
-6.49516523e-01
-6.50902867e-01
-6.52283072e-01
-6.53657138e-01
-6.55025065e-01
-6.56386852e-01
-6.57742441e-01
-6.59091890e-01
-6.60435140e-01
-6.61772192e-01
-6.63103044e-01
-6.64427638e-01
-6.65745974e-01
-6.67057991e-01
-6.68363750e-01
-6.69663191e-01
-6.70956314e-01
-6.72243118e-01
-6.73523605e-01
-6.74797714e-01
-6.76065564e-01
-6.77326977e-01
-6.78582013e-01
-6.79830730e-01
-6.81073010e-01
-6.82308912e-01
-6.83538377e-01
-6.84761465e-01
-6.85978115e-01
-6.87188327e-01
-6.88392103e-01
-6.89589381e-01
-6.90780163e-01
-6.91964447e-01
-6.93142176e-01
-6.94313347e-01
-6.95477962e-01
-6.96636021e-01
-6.97787583e-01
-6.98932469e-01
-7.00070858e-01
-7.01202631e-01
-7.02327788e-01
-7.03446388e-01
-7.04558313e-01
-7.05663621e-01
-7.06762373e-01
-7.07854390e-01
-7.08939850e-01
-7.10018635e-01
-7.11090684e-01
-7.12156117e-01
-7.13214874e-01
-7.14266956e-01
-7.15312302e-01
-7.16350913e-01
-7.17382729e-01
-7.18407810e-01
-7.19426036e-01
-7.20437527e-01
-7.21442163e-01
-7.22440004e-01
-7.23431051e-01
-7.24415302e-01
-7.25392818e-01
-7.26363480e-01
-7.27327347e-01
-7.28284299e-01
-7.29234397e-01
-7.30177641e-01
-7.31114030e-01
-7.32043564e-01
-7.32966185e-01
-7.33881950e-01
-7.34790802e-01
-7.35692739e-01
-7.36587822e-01
-7.37475932e-01
-7.38357127e-01
-7.39231408e-01
-7.40098774e-01
-7.40959108e-01
-7.41812527e-01
-7.42658913e-01
-7.43498325e-01
-7.44330764e-01
-7.45156169e-01
-7.45974541e-01
-7.46785879e-01
-7.47590184e-01
-7.48387396e-01
-7.49177635e-01
-7.49960780e-01
-7.50736892e-01
-7.51505911e-01
-7.52267897e-01
-7.53022730e-01
-7.53770530e-01
-7.54511118e-01
-7.55244672e-01
-7.55971074e-01
-7.56690383e-01
-7.57402480e-01
-7.58107543e-01
-7.58805394e-01
-7.59496093e-01
-7.60179639e-01
-7.60856032e-01
-7.61525273e-01
-7.62187362e-01
-7.62842298e-01
-7.63490081e-01
-7.64130652e-01
-7.64764011e-01
-7.65390158e-01
-7.66009092e-01
-7.66620815e-01
-7.67225266e-01
-7.67822385e-01
-7.68412232e-01
-7.68994808e-01
-7.69570172e-01
-7.70138144e-01
-7.70698905e-01
-7.71252394e-01
-7.71798491e-01
-7.72337377e-01
-7.72868991e-01
-7.73393333e-01
-7.73910284e-01
-7.74420023e-01
-7.74922371e-01
-7.75417507e-01
-7.75905252e-01
-7.76385665e-01
-7.76858807e-01
-7.77324617e-01
-7.77783096e-01
-7.78234303e-01
-7.78678119e-01
-7.79114604e-01
-7.79543757e-01
-7.79965580e-01
-7.80380070e-01
-7.80787170e-01
-7.81186879e-01
-7.81579256e-01
-7.81964302e-01
-7.82341957e-01
-7.82712221e-01
-7.83075094e-01
-7.83430636e-01
-7.83778727e-01
-7.84119546e-01
-7.84452856e-01
-7.84778833e-01
-7.85097420e-01
-7.85408556e-01
-7.85712421e-01
-7.86008835e-01
-7.86297858e-01
-7.86579490e-01
-7.86853731e-01
-7.87120581e-01
-7.87380040e-01
-7.87632048e-01
-7.87876666e-01
-7.88113832e-01
-7.88343608e-01
-7.88565934e-01
-7.88780749e-01
-7.88988173e-01
-7.89188147e-01
-7.89380729e-01
-7.89565861e-01
-7.89743483e-01
-7.89913714e-01
-7.90076494e-01
-7.90231824e-01
-7.90379703e-01
-7.90520191e-01
-7.90653169e-01
-7.90778756e-01
-7.90896833e-01
-7.91007459e-01
-7.91110635e-01
-7.91206360e-01
-7.91294575e-01
-7.91375339e-01
-7.91448593e-01
-7.91514397e-01
-7.91572750e-01
-7.91623533e-01
-7.91666925e-01
-7.91702747e-01
-7.91731060e-01
-7.91751921e-01
-7.91765332e-01
-7.91771293e-01
-7.91769743e-01
-7.91760683e-01
-7.91744173e-01
-7.91720212e-01
-7.91688800e-01
-7.91649878e-01
-7.91603446e-01
-7.91549563e-01
-7.91488171e-01
-7.91419327e-01
-7.91342974e-01
-7.91259110e-01
-7.91167855e-01
-7.91069090e-01
-7.90962875e-01
-7.90849209e-01
-7.90728092e-01
-7.90599525e-01
-7.90463507e-01
-7.90319979e-01
-7.90169001e-01
-7.90010631e-01
-7.89844751e-01
-7.89671481e-01
-7.89490700e-01
-7.89302528e-01
-7.89106905e-01
-7.88903892e-01
-7.88693428e-01
-7.88475454e-01
-7.88250148e-01
-7.88017333e-01
-7.87777185e-01
-7.87529588e-01
-7.87274599e-01
-7.87012160e-01
-7.86742389e-01
-7.86465168e-01
-7.86180556e-01
-7.85888553e-01
-7.85589159e-01
-7.85282373e-01
-7.84968197e-01
-7.84646630e-01
-7.84317672e-01
-7.83981264e-01
-7.83637524e-01
-7.83286393e-01
-7.82927871e-01
-7.82561958e-01
-7.82188714e-01
-7.81808078e-01
-7.81420052e-01
-7.81024754e-01
-7.80622005e-01
-7.80211926e-01
-7.79794514e-01
-7.79369771e-01
-7.78937697e-01
-7.78498292e-01
-7.78051555e-01
-7.77597487e-01
-7.77136087e-01
-7.76667356e-01
-7.76191354e-01
-7.75708020e-01
-7.75217354e-01
-7.74719417e-01
-7.74214149e-01
-7.73701668e-01
-7.73181796e-01
-7.72654593e-01
-7.72120178e-01
-7.71578372e-01
-7.71029353e-01
-7.70473003e-01
-7.69909382e-01
-7.69338489e-01
-7.68760324e-01
-7.68174887e-01
-7.67582178e-01
-7.66982198e-01
-7.66374886e-01
-7.65760362e-01
-7.65138626e-01
-7.64509737e-01
-7.63873696e-01
-7.63230503e-01
-7.62580156e-01
-7.61922657e-01
-7.61258006e-01
-7.60586143e-01
-7.59907186e-01
-7.59221017e-01
-7.58527756e-01
-7.57827342e-01
-7.57119775e-01
-7.56405115e-01
-7.55683362e-01
-7.54954517e-01
-7.54218519e-01
-7.53475368e-01
-7.52725184e-01
-7.51967847e-01
-7.51203477e-01
-7.50432074e-01
-7.49653578e-01
-7.48868048e-01
-7.48075485e-01
-7.47275829e-01
-7.46469080e-01
-7.45655417e-01
-7.44834661e-01
-7.44006932e-01
-7.43172228e-01
-7.42330551e-01
-7.41481841e-01
-7.40626156e-01
-7.39763498e-01
-7.38893926e-01
-7.38017440e-01
-7.37134039e-01
-7.36243725e-01
-7.35346496e-01
-7.34442353e-01
-7.33531356e-01
-7.32613444e-01
-7.31688619e-01
-7.30756998e-01
-7.29818463e-01
-7.28873014e-01
-7.27920771e-01
-7.26961672e-01
-7.25995719e-01
-7.25022972e-01
-7.24043429e-01
-7.23057032e-01
-7.22063899e-01
-7.21063972e-01
-7.20057249e-01
-7.19043732e-01
-7.18023479e-01
-7.16996431e-01
-7.15962589e-01
-7.14922011e-01
-7.13874698e-01
-7.12820709e-01
-7.11759984e-01
-7.10692644e-01
-7.09618688e-01
-7.08538055e-01
-7.07450747e-01
-7.06356823e-01
-7.05256224e-01
-7.04149067e-01
-7.03035295e-01
-7.01914847e-01
-7.00787783e-01
-6.99654222e-01
-6.98514044e-01
-6.97367251e-01
-6.96214020e-01
-6.95054173e-01
-6.93887770e-01
-6.92714810e-01
-6.91535294e-01
-6.90349281e-01
-6.89156830e-01
-6.87957883e-01
-6.86752498e-01
-6.85540676e-01
-6.84322357e-01
-6.83097661e-01
-6.81866586e-01
-6.80629075e-01
-6.79385245e-01
-6.78134978e-01
-6.76878333e-01
-6.75615430e-01
-6.74346089e-01
-6.73070490e-01
-6.71788573e-01
-6.70500278e-01
-6.69205666e-01
-6.67904675e-01
-6.66597486e-01
-6.65284038e-01
-6.63964331e-01
-6.62638366e-01
-6.61306202e-01
-6.59967840e-01
-6.58623278e-01
-6.57272577e-01
-6.55915678e-01
-6.54552639e-01
-6.53183460e-01
-6.51808083e-01
-6.50426626e-01
-6.49039030e-01
-6.47645414e-01
-6.46245658e-01
-6.44839883e-01
-6.43427968e-01
-6.42010033e-01
-6.40586078e-01
-6.39156044e-01
-6.37719989e-01
-6.36278033e-01
-6.34830058e-01
-6.33376181e-01
-6.31916404e-01
-6.30450666e-01
-6.28979027e-01
-6.27501488e-01
-6.26017988e-01
-6.24528706e-01
-6.23033464e-01
-6.21532381e-01
-6.20025396e-01
-6.18512630e-01
-6.16993964e-01
-6.15469456e-01
-6.13939047e-01
-6.12402916e-01
-6.10861123e-01
-6.09313667e-01
-6.07760489e-01
-6.06201649e-01
-6.04637146e-01
-6.03067040e-01
-6.01491213e-01
-5.99909782e-01
-5.98322690e-01
-5.96729994e-01
-5.95131695e-01
-5.93527794e-01
-5.91918290e-01
-5.90303183e-01
-5.88682532e-01
-5.87056339e-01
-5.85424662e-01
-5.83787560e-01
-5.82144916e-01
-5.80496848e-01
-5.78843355e-01
-5.77184379e-01
-5.75520039e-01
-5.73850274e-01
-5.72175086e-01
-5.70494592e-01
-5.68808734e-01
-5.67117512e-01
-5.65420926e-01
-5.63719034e-01
-5.62011838e-01
-5.60299397e-01
-5.58581650e-01
-5.56858718e-01
-5.55130541e-01
-5.53397179e-01
-5.51658630e-01
-5.49914896e-01
-5.48165977e-01
-5.46411932e-01
-5.44652700e-01
-5.42888403e-01
-5.41118979e-01
-5.39344490e-01
-5.37564874e-01
-5.35780251e-01
-5.33990622e-01
-5.32195985e-01
-5.30396342e-01
-5.28591752e-01
-5.26782215e-01
-5.24967730e-01
-5.23148358e-01
-5.21324039e-01
-5.19494772e-01
-5.17660677e-01
-5.15821695e-01
-5.13977885e-01
-5.12129188e-01
-5.10275602e-01
-5.08417308e-01
-5.06554246e-01
-5.04686475e-01
-5.02813995e-01
-5.00936747e-01
-4.99054819e-01
-4.97168213e-01
-4.95276928e-01
-4.93380994e-01
-4.91480440e-01
-4.89575237e-01
-4.87665474e-01
-4.85751152e-01
-4.83832210e-01
-4.81908739e-01
-4.79980767e-01
-4.78048265e-01
-4.76111293e-01
-4.74169821e-01
-4.72223938e-01
-4.70273554e-01
-4.68318790e-01
-4.66359615e-01
-4.64396030e-01
-4.62428123e-01
-4.60455894e-01
-4.58479315e-01
-4.56498444e-01
-4.54513311e-01
-4.52523857e-01
-4.50530201e-01
-4.48532313e-01
-4.46530193e-01
-4.44523871e-01
-4.42513376e-01
-4.40498710e-01
-4.38479930e-01
-4.36457008e-01
-4.34429973e-01
-4.32398856e-01
-4.30363715e-01
-4.28324521e-01
-4.26281333e-01
-4.24234092e-01
-4.22182918e-01
-4.20127720e-01
-4.18068618e-01
-4.16005582e-01
-4.13938612e-01
-4.11867768e-01
-4.09792989e-01
-4.07714427e-01
-4.05632049e-01
-4.03545827e-01
-4.01455790e-01
-3.99362057e-01
-3.97264510e-01
-3.95163238e-01
-3.93058240e-01
-3.90949547e-01
-3.88837218e-01
-3.86721224e-01
-3.84601593e-01
-3.82478327e-01
-3.80351484e-01
-3.78221095e-01
-3.76087129e-01
-3.73949647e-01
-3.71808648e-01
-3.69664133e-01
-3.67516160e-01
-3.65364790e-01
-3.63209963e-01
-3.61051738e-01
-3.58890116e-01
-3.56725127e-01
-3.54556799e-01
-3.52385163e-01
-3.50210220e-01
-3.48031998e-01
-3.45850497e-01
-3.43665749e-01
-3.41477811e-01
-3.39286625e-01
-3.37092280e-01
-3.34894776e-01
-3.32694143e-01
-3.30490381e-01
-3.28283548e-01
-3.26073617e-01
-3.23860645e-01
-3.21644634e-01
-3.19425583e-01
-3.17203552e-01
-3.14978570e-01
-3.12750608e-01
-3.10519725e-01
-3.08285922e-01
-3.06049228e-01
-3.03809643e-01
-3.01567256e-01
-2.99322039e-01
-2.97073990e-01
-2.94823200e-01
-2.92569637e-01
-2.90313303e-01
-2.88054258e-01
-2.85792530e-01
-2.83528119e-01
-2.81261027e-01
-2.78991342e-01
-2.76719004e-01
-2.74444073e-01
-2.72166580e-01
-2.69886523e-01
-2.67603964e-01
-2.65318871e-01
-2.63031304e-01
-2.60741264e-01
-2.58448780e-01
-2.56153882e-01
-2.53856570e-01
-2.51556873e-01
-2.49254838e-01
-2.46950462e-01
-2.44643778e-01
-2.42334783e-01
-2.40023509e-01
-2.37709999e-01
-2.35394239e-01
-2.33076289e-01
-2.30756134e-01
-2.28433833e-01
-2.26109400e-01
-2.23782808e-01
-2.21454129e-01
-2.19123363e-01
-2.16790542e-01
-2.14455679e-01
-2.12118819e-01
-2.09779963e-01
-2.07439139e-01
-2.05096379e-01
-2.02751711e-01
-2.00405121e-01
-1.98056638e-01
-1.95706308e-01
-1.93354145e-01
-1.91000149e-01
-1.88644379e-01
-1.86286822e-01
-1.83927521e-01
-1.81566492e-01
-1.79203764e-01
-1.76839352e-01
-1.74473301e-01
-1.72105610e-01
-1.69736311e-01
-1.67365417e-01
-1.64992943e-01
-1.62618935e-01
-1.60243407e-01
-1.57866374e-01
-1.55487850e-01
-1.53107882e-01
-1.50726482e-01
-1.48343667e-01
-1.45959437e-01
-1.43573865e-01
-1.41186938e-01
-1.38798684e-01
-1.36409149e-01
-1.34018317e-01
-1.31626233e-01
-1.29232928e-01
-1.26838401e-01
-1.24442697e-01
-1.22045822e-01
-1.19647801e-01
-1.17248662e-01
-1.14848420e-01
-1.12447098e-01
-1.10044733e-01
-1.07641324e-01
-1.05236903e-01
-1.02831505e-01
-1.00425132e-01
-9.80178267e-02
-9.56095979e-02
-9.32004750e-02
-9.07904729e-02
-8.83796141e-02
-8.59679356e-02
-8.35554451e-02
-8.11421722e-02
-7.87281394e-02
-7.63133764e-02
-7.38978907e-02
-7.14817122e-02
-6.90648630e-02
-6.66473731e-02
-6.42292574e-02
-6.18105382e-02
-5.93912378e-02
-5.69713861e-02
-5.45509942e-02
-5.21300919e-02
-4.97087017e-02
-4.72868420e-02
-4.48645391e-02
-4.24418151e-02
-4.00186926e-02
-3.75951938e-02
-3.51713449e-02
-3.27471681e-02
-3.03226821e-02
-2.78979130e-02
-2.54728831e-02
-2.30476148e-02
-2.06221286e-02
-1.81964505e-02
-1.57706011e-02
-1.33446055e-02
-1.09184850e-02
-8.49226117e-03
-6.06595771e-03
-3.63959745e-03
-1.21320295e-03
1.21320295e-03
3.63959745e-03
