-1.80806965e-03
-6.02691725e-04
6.02691725e-04
1.80806965e-03
3.01343063e-03
4.21876321e-03
5.42405527e-03
6.62929704e-03
7.83447549e-03
9.03958082e-03
1.02446005e-02
1.14495242e-02
1.26543408e-02
1.38590382e-02
1.50636053e-02
1.62680317e-02
1.74723025e-02
1.86764114e-02
1.98803451e-02
2.10840926e-02
2.22876389e-02
2.34909784e-02
2.46940963e-02
2.58969814e-02
2.70996224e-02
2.83020101e-02
2.95041278e-02
3.07059698e-02
3.19075212e-02
3.31087746e-02
3.43097150e-02
3.55103314e-02
3.67106162e-02
3.79105546e-02
3.91101390e-02
4.03093547e-02
4.15081903e-02
4.27066348e-02
4.39046808e-02
4.51023094e-02
4.62995172e-02
4.74962890e-02
4.86926176e-02
4.98884842e-02
5.10838814e-02
5.22787943e-02
5.34732193e-02
5.46671413e-02
5.58605492e-02
5.70534281e-02
5.82457744e-02
5.94375692e-02
6.06288053e-02
6.18194640e-02
6.30095527e-02
6.41990378e-02
6.53879270e-02
6.65761977e-02
6.77638426e-02
6.89508542e-02
7.01372102e-02
7.13229105e-02
7.25079477e-02
7.36922920e-02
7.48759508e-02
7.60589018e-02
7.72411376e-02
7.84226432e-02
7.96034113e-02
8.07834342e-02
8.19626972e-02
8.31411928e-02
8.43189135e-02
8.54958221e-02
8.66719410e-02
8.78472403e-02
8.90217200e-02
9.01953653e-02
9.13681537e-02
9.25400853e-02
9.37111452e-02
9.48813334e-02
9.60506201e-02
9.72190127e-02
9.83864740e-02
9.95530188e-02
1.00718625e-01
1.01883285e-01
1.03046991e-01
1.04209714e-01
1.05371460e-01
1.06532216e-01
1.07691966e-01
1.08850688e-01
1.10008396e-01
1.11165069e-01
1.12320699e-01
1.13475271e-01
1.14628769e-01
1.15781195e-01
1.16932526e-01
1.18082762e-01
1.19231880e-01
1.20379880e-01
1.21526740e-01
1.22672468e-01
1.23817027e-01
1.24960430e-01
1.26102656e-01
1.27243698e-01
1.28383547e-01
1.29522189e-01
1.30659610e-01
1.31795809e-01
1.32930756e-01
1.34064466e-01
1.35196909e-01
1.36328071e-01
1.37457952e-01
1.38586536e-01
1.39713824e-01
1.40839800e-01
1.41964450e-01
1.43087775e-01
1.44209728e-01
1.45330340e-01
1.46449596e-01
1.47567481e-01
1.48683965e-01
1.49799034e-01
1.50912702e-01
1.52024969e-01
1.53135806e-01
1.54245198e-01
1.55353144e-01
1.56459644e-01
1.57564655e-01
1.58668175e-01
1.59770221e-01
1.60870746e-01
1.61969781e-01
1.63067281e-01
1.64163247e-01
1.65257677e-01
1.66350558e-01
1.67441875e-01
1.68531597e-01
1.69619754e-01
1.70706302e-01
1.71791255e-01
1.72874600e-01
1.73956305e-01
1.75036371e-01
1.76114812e-01
1.77191585e-01
1.78266689e-01
1.79340124e-01
1.80411890e-01
1.81481943e-01
1.82550296e-01
1.83616921e-01
1.84681833e-01
1.85745016e-01
1.86806455e-01
1.87866136e-01
1.88924059e-01
1.89980194e-01
1.91034541e-01
1.92087084e-01
1.93137810e-01
1.94186732e-01
1.95233807e-01
1.96279064e-01
1.97322443e-01
1.98363975e-01
1.99403644e-01
2.00441435e-01
2.01477334e-01
2.02511340e-01
2.03543425e-01
2.04573587e-01
2.05601826e-01
2.06628129e-01
2.07652494e-01
2.08674908e-01
2.09695324e-01
2.10713789e-01
2.11730286e-01
2.12744772e-01
2.13757247e-01
2.14767709e-01
2.15776160e-01
2.16782585e-01
2.17786953e-01
2.18789279e-01
2.19789535e-01
2.20787719e-01
2.21783832e-01
2.22777858e-01
2.23769799e-01
2.24759623e-01
2.25747332e-01
2.26732925e-01
2.27716371e-01
2.28697672e-01
2.29676828e-01
2.30653837e-01
2.31628656e-01
2.32601285e-01
2.33571723e-01
2.34539956e-01
2.35505998e-01
2.36469820e-01
2.37431407e-01
2.38390759e-01
2.39347890e-01
2.40302756e-01
2.41255358e-01
2.42205694e-01
2.43153736e-01
2.44099483e-01
2.45042950e-01
2.45984107e-01
2.46922940e-01
2.47859448e-01
2.48793632e-01
2.49725461e-01
2.50654936e-01
2.51582086e-01
2.52506852e-01
2.53429264e-01
2.54349291e-01
2.55266994e-01
2.56182283e-01
2.57095128e-01
2.58005559e-01
2.58913547e-01
2.59819090e-01
2.60722220e-01
2.61622846e-01
2.62521058e-01
2.63416767e-01
2.64310002e-01
2.65200764e-01
2.66089022e-01
2.66974807e-01
2.67858088e-01
2.68738866e-01
2.69617110e-01
2.70492822e-01
2.71365970e-01
2.72236556e-01
2.73104578e-01
2.73970008e-01
2.74832875e-01
2.75693178e-01
2.76550889e-01
2.77405977e-01
2.78258473e-01
2.79108346e-01
2.79955596e-01
2.80800223e-01
2.81642228e-01
2.82481581e-01
2.83318281e-01
2.84152299e-01
2.84983635e-01
2.85812289e-01
2.86638230e-01
2.87461489e-01
2.88282037e-01
2.89099902e-01
2.89915025e-01
2.90727466e-01
2.91537136e-01
2.92344093e-01
2.93148279e-01
2.93949753e-01
2.94748425e-01
2.95544326e-01
2.96337456e-01
2.97127783e-01
2.97915310e-01
2.98700035e-01
2.99481928e-01
3.00261021e-01
3.01037312e-01
3.01810741e-01
3.02581400e-01
3.03349197e-01
3.04114163e-01
3.04876268e-01
3.05635571e-01
3.06391984e-01
3.07145536e-01
3.07896167e-01
3.08643907e-01
3.09388697e-01
3.10130537e-01
3.10869485e-01
3.11605483e-01
3.12338561e-01
3.13068658e-01
3.13795835e-01
3.14520061e-01
3.15241337e-01
3.15959662e-01
3.16675007e-01
3.17387402e-01
3.18096787e-01
3.18803221e-01
3.19506675e-01
3.20207089e-01
3.20904493e-01
3.21598887e-01
3.22290242e-01
3.22978586e-01
3.23663861e-01
3.24346125e-01
3.25025320e-01
3.25701475e-01
3.26374561e-01
3.27044576e-01
3.27711493e-01
3.28375340e-01
3.29036117e-01
3.29693794e-01
3.30348402e-01
3.30999881e-01
3.31648260e-01
3.32293540e-01
3.32935691e-01
3.33574682e-01
3.34210545e-01
3.34843218e-01
3.35472763e-01
3.36099148e-01
3.36722404e-01
3.37342471e-01
3.37959379e-01
3.38573098e-01
3.39183629e-01
3.39790970e-01
3.40395153e-01
3.40996087e-01
3.41593862e-01
3.42188418e-01
3.42779785e-01
3.43367904e-01
3.43952805e-01
3.44534487e-01
3.45112920e-01
3.45688105e-01
3.46260041e-01
3.46828759e-01
3.47394168e-01
3.47956270e-01
3.48515153e-01
3.49070728e-01
3.49623024e-01
3.50172043e-01
3.50717753e-01
3.51260185e-01
3.51799309e-01
3.52335125e-01
3.52867603e-01
3.53396773e-01
3.53922635e-01
3.54445159e-01
3.54964375e-01
3.55480254e-01
3.55992824e-01
3.56502056e-01
3.57007921e-01
3.57510448e-01
3.58009636e-01
3.58505428e-01
3.58997822e-01
3.59486818e-01
3.59972417e-01
3.60454619e-01
3.60933453e-01
3.61408889e-01
3.61880958e-01
3.62349600e-01
3.62814814e-01
3.63276660e-01
3.63735080e-01
3.64190102e-01
3.64641666e-01
3.65089804e-01
3.65534514e-01
3.65975767e-01
3.66413593e-01
3.66847992e-01
3.67278934e-01
3.67706448e-01
3.68130505e-01
3.68551105e-01
3.68968219e-01
3.69381875e-01
3.69792074e-01
3.70198816e-01
3.70602071e-01
3.71001869e-01
3.71398151e-01
3.71790946e-01
3.72180253e-01
3.72566044e-01
3.72948319e-01
3.73327076e-01
3.73702347e-01
3.74074101e-01
3.74442309e-01
3.74807030e-01
3.75168204e-01
3.75525832e-01
3.75879943e-01
3.76230538e-01
3.76577556e-01
3.76921058e-01
3.77260953e-01
3.77597332e-01
3.77930135e-01
3.78259391e-01
3.78585100e-01
3.78907204e-01
3.79225761e-01
3.79540712e-01
3.79852086e-01
3.80159914e-01
3.80464166e-01
3.80764812e-01
3.81061882e-01
3.81355405e-01
3.81645352e-01
3.81931692e-01
3.82214457e-01
3.82493645e-01
3.82769257e-01
3.83041263e-01
3.83309603e-01
3.83574307e-01
3.83835375e-01
3.84092808e-01
3.84346604e-01
3.84596765e-01
3.84843320e-01
3.85086238e-01
3.85325491e-01
3.85561079e-01
3.85793030e-01
3.86021316e-01
3.86245996e-01
3.86467040e-01
3.86684418e-01
3.86898160e-01
3.87108237e-01
3.87314677e-01
3.87517452e-01
3.87716591e-01
3.87912035e-01
3.88103843e-01
3.88291985e-01
3.88476461e-01
3.88657302e-01
3.88834447e-01
3.89007956e-01
3.89177829e-01
3.89343977e-01
3.89506489e-01
3.89665335e-01
3.89820516e-01
3.89972031e-01
3.90119851e-01
3.90264004e-01
3.90404493e-01
3.90541315e-01
3.90674412e-01
3.90803844e-01
3.90929580e-01
3.91051620e-01
3.91169995e-01
3.91284704e-01
3.91395688e-01
3.91503006e-01
3.91606629e-01
3.91706556e-01
3.91802788e-01
3.91895324e-01
3.91984165e-01
3.92069340e-01
3.92150789e-01
3.92228574e-01
3.92302632e-01
3.92372996e-01
3.92439663e-01
3.92502636e-01
3.92561913e-01
3.92617494e-01
3.92669410e-01
3.92717600e-01
3.92762095e-01
3.92802894e-01
3.92839998e-01
3.92873436e-01
3.92903119e-01
3.92929167e-01
3.92951488e-01
3.92970085e-01
3.92984986e-01
3.92996162e-01
3.93003643e-01
3.93007398e-01
3.93007457e-01
3.93003732e-01
3.92996341e-01
3.92985225e-01
3.92970413e-01
3.92951906e-01
3.92929703e-01
3.92903775e-01
3.92874181e-01
3.92840862e-01
3.92803848e-01
3.92763138e-01
3.92718732e-01
3.92670602e-01
3.92618835e-01
3.92563343e-01
3.92504156e-01
3.92441273e-01
3.92374694e-01
3.92304391e-01
3.92230451e-01
3.92152786e-01
3.92071456e-01
3.91986400e-01
3.91897649e-01
3.91805232e-01
3.91709089e-01
3.91609281e-01
3.91505748e-01
3.91398549e-01
3.91287655e-01
3.91173095e-01
3.91054779e-01
3.90932828e-01
3.90807182e-01
3.90677899e-01
3.90544862e-01
3.90408158e-01
3.90267760e-01
3.90123665e-01
3.89975965e-01
3.89824539e-01
3.89669478e-01
3.89510721e-01
3.89348328e-01
3.89182240e-01
3.89012516e-01
3.88839126e-01
3.88662070e-01
3.88481349e-01
3.88296962e-01
3.88108939e-01
3.87917221e-01
3.87721896e-01
3.87522876e-01
3.87320220e-01
3.87113899e-01
3.86903971e-01
3.86690378e-01
3.86473119e-01
3.86252195e-01
3.86027604e-01
3.85799378e-01
3.85567516e-01
3.85332018e-01
3.85092884e-01
3.84850085e-01
3.84603649e-01
3.84353578e-01
3.84099901e-01
3.83842587e-01
3.83581638e-01
3.83317053e-01
3.83048832e-01
3.82776976e-01
3.82501483e-01
3.82222414e-01
3.81939769e-01
3.81653547e-01
3.81363750e-01
3.81070375e-01
3.80773425e-01
3.80472898e-01
3.80168796e-01
3.79861116e-01
3.79549861e-01
3.79235059e-01
3.78916651e-01
3.78594697e-01
3.78269166e-01
3.77940059e-01
3.77607435e-01
3.77271235e-01
3.76931489e-01
3.76588166e-01
3.76241356e-01
3.75890940e-01
3.75537038e-01
3.75179559e-01
3.74818563e-01
3.74454021e-01
3.74085963e-01
3.73714358e-01
3.73339266e-01
3.72960657e-01
3.72578532e-01
3.72192889e-01
3.71803731e-01
3.71411085e-01
3.71014953e-01
3.70615304e-01
3.70212168e-01
3.69805545e-01
3.69395465e-01
3.68981957e-01
3.68564963e-01
3.68144542e-01
3.67720634e-01
3.67293268e-01
3.66862476e-01
3.66428196e-01
3.65990520e-01
3.65549386e-01
3.65104824e-01
3.64656806e-01
3.64205390e-01
3.63750517e-01
3.63292247e-01
3.62830549e-01
3.62365454e-01
3.61896932e-01
3.61425042e-01
3.60949695e-01
3.60471010e-01
3.59988898e-01
3.59503418e-01
3.59014541e-01
3.58522266e-01
3.58026624e-01
3.57527584e-01
3.57025176e-01
3.56519431e-01
3.56010348e-01
3.55497926e-01
3.54982138e-01
3.54463011e-01
3.53940576e-01
3.53414804e-01
3.52885723e-01
3.52353334e-01
3.51817638e-01
3.51278633e-01
3.50736320e-01
3.50190699e-01
3.49641800e-01
3.49089593e-01
3.48534137e-01
3.47975373e-01
3.47413361e-01
3.46848041e-01
3.46279472e-01
3.45707625e-01
3.45132500e-01
3.44554126e-01
3.43972534e-01
3.43387723e-01
3.42799664e-01
3.42208385e-01
3.41613889e-01
3.41016203e-01
3.40415299e-01
3.39811206e-01
3.39203954e-01
3.38593483e-01
3.37979853e-01
3.37363005e-01
3.36743027e-01
3.36119831e-01
3.35493535e-01
3.34864050e-01
3.34231406e-01
3.33595634e-01
3.32956672e-01
3.32314610e-01
3.31669390e-01
3.31021070e-01
3.30369651e-01
3.29715133e-01
3.29057515e-01
3.28396797e-01
3.27733010e-01
3.27066123e-01
3.26396197e-01
3.25723171e-01
3.25047106e-01
3.24367970e-01
3.23685795e-01
3.23000580e-01
3.22312295e-01
3.21621001e-01
3.20926666e-01
3.20229292e-01
3.19528908e-01
3.18825513e-01
3.18119138e-01
3.17409784e-01
3.16697448e-01
3.15982133e-01
3.15263867e-01
3.14542621e-01
3.13818455e-01
3.13091308e-01
3.12361240e-01
3.11628222e-01
3.10892254e-01
3.10153365e-01
3.09411496e-01
3.08666736e-01
3.07919025e-01
3.07168424e-01
3.06414902e-01
3.05658519e-01
3.04899246e-01
3.04137141e-01
3.03372175e-01
3.02604407e-01
3.01833779e-01
3.01060379e-01
3.00284117e-01
2.99505055e-01
2.98723191e-01
2.97938496e-01
2.97150999e-01
2.96360701e-01
2.95567602e-01
2.94771701e-01
2.93973058e-01
2.93171614e-01
2.92367429e-01
2.91560471e-01
2.90750802e-01
2.89938420e-01
2.89123297e-01
2.88305461e-01
2.87484914e-01
2.86661655e-01
2.85835713e-01
2.85007060e-01
2.84175754e-01
2.83341736e-01
2.82505065e-01
2.81665713e-01
2.80823767e-01
2.79979110e-01
2.79131830e-01
2.78281957e-01
2.77429461e-01
2.76574343e-01
2.75716633e-01
2.74856359e-01
2.73993492e-01
2.73128033e-01
2.72260010e-01
2.71389425e-01
2.70516276e-01
2.69640595e-01
2.68762350e-01
2.67881572e-01
2.66998291e-01
2.66112506e-01
2.65224218e-01
2.64333427e-01
2.63440192e-01
2.62544483e-01
2.61646301e-01
2.60745615e-01
2.59842515e-01
2.58936942e-01
2.58028924e-01
2.57118523e-01
2.56205678e-01
2.55290389e-01
2.54372686e-01
2.53452599e-01
2.52530158e-01
2.51605362e-01
2.50678182e-01
2.49748647e-01
2.48816729e-01
2.47882500e-01
2.46945918e-01
2.46007025e-01
2.45065823e-01
2.44122311e-01
2.43176505e-01
2.42228404e-01
2.41278037e-01
2.40325391e-01
2.39370465e-01
2.38413289e-01
2.37453878e-01
2.36492231e-01
2.35528350e-01
2.34562263e-01
2.33593971e-01
2.32623473e-01
2.31650770e-01
2.30675906e-01
2.29698852e-01
2.28719637e-01
2.27738276e-01
2.26754770e-01
2.25769132e-01
2.24781379e-01
2.23791495e-01
2.22799510e-01
2.21805423e-01
2.20809251e-01
2.19810992e-01
2.18810663e-01
2.17808262e-01
2.16803834e-01
2.15797365e-01
2.14788839e-01
2.13778287e-01
2.12765738e-01
2.11751178e-01
2.10734621e-01
2.09716082e-01
2.08695561e-01
2.07673073e-01
2.06648648e-01
2.05622256e-01
2.04593927e-01
2.03563675e-01
2.02531517e-01
2.01497450e-01
2.00461477e-01
1.99423626e-01
1.98383883e-01
1.97342277e-01
1.96298808e-01
1.95253477e-01
1.94206327e-01
1.93157345e-01
1.92106545e-01
1.91053927e-01
1.89999491e-01
1.88943282e-01
1.87885270e-01
1.86825514e-01
1.85764000e-01
1.84700727e-01
1.83635727e-01
1.82568997e-01
1.81500554e-01
1.80430412e-01
1.79358557e-01
1.78285033e-01
1.77209809e-01
1.76132932e-01
1.75054416e-01
1.73974231e-01
1.72892407e-01
1.71808958e-01
1.70723900e-01
1.69637233e-01
1.68548986e-01
1.67459145e-01
1.66367739e-01
1.65274754e-01
1.64180219e-01
1.63084149e-01
1.61986530e-01
1.60887405e-01
1.59786776e-01
1.58684626e-01
1.57580987e-01
1.56475857e-01
1.55369267e-01
1.54261202e-01
1.53151706e-01
1.52040750e-01
1.50928378e-01
1.49814576e-01
1.48699373e-01
1.47582784e-01
1.46464795e-01
1.45345435e-01
1.44224688e-01
1.43102586e-01
1.41979143e-01
1.40854359e-01
1.39728278e-01
1.38600856e-01
1.37472138e-01
1.36342123e-01
1.35210827e-01
1.34078264e-01
1.32944435e-01
1.31809354e-01
1.30673051e-01
1.29535511e-01
1.28396749e-01
1.27256766e-01
1.26115605e-01
1.24973245e-01
1.23829722e-01
1.22685015e-01
1.21539161e-01
1.20392159e-01
1.19244032e-01
1.18094780e-01
1.16944402e-01
1.15792945e-01
1.14640377e-01
1.13486744e-01
1.12332039e-01
1.11176275e-01
1.10019460e-01
1.08861625e-01
1.07702754e-01
1.06542863e-01
1.05381981e-01
1.04220092e-01
1.03057228e-01
1.01893395e-01
1.00728594e-01
9.95628536e-02
9.83961672e-02
9.72285569e-02
9.60600376e-02
9.48906019e-02
9.37202796e-02
9.25490707e-02
9.13769901e-02
9.02040526e-02
8.90302658e-02
8.78556371e-02
8.66801888e-02
8.55039284e-02
8.43268633e-02
8.31489936e-02
8.19703490e-02
8.07909369e-02
7.96107575e-02
7.84298331e-02
7.72481710e-02
7.60657787e-02
7.48826787e-02
7.36988783e-02
7.25143701e-02
7.13291913e-02
7.01433346e-02
6.89568222e-02
6.77696615e-02
6.65818602e-02
6.53934404e-02
6.42043948e-02
6.30147532e-02
6.18245117e-02
6.06336929e-02
5.94423078e-02
5.82503602e-02
5.70578612e-02
5.58648258e-02
5.46712689e-02
5.34771904e-02
5.22826128e-02
5.10875396e-02
4.98919860e-02
4.86959629e-02
4.74994779e-02
4.63025495e-02
4.51051816e-02
4.39073890e-02
4.27091829e-02
4.15105782e-02
4.03115824e-02
3.91122065e-02
3.79124619e-02
3.67123671e-02
3.55119221e-02
3.43111418e-02
3.31100374e-02
3.19086239e-02
3.07069086e-02
2.95049045e-02
2.83026230e-02
2.71000769e-02
2.58972738e-02
2.46942285e-02
2.34909486e-02
2.22874489e-02
2.10837387e-02
1.98798291e-02
1.86757334e-02
1.74714625e-02
1.62670277e-02
1.50624411e-02
1.38577111e-02
1.26528516e-02
1.14478720e-02
1.02427844e-02
9.03760083e-03
7.83233158e-03
6.62698969e-03
5.42158447e-03
4.21612896e-03
3.01063317e-03
1.80510932e-03
5.99568186e-04
-6.05978596e-04
-1.81151961e-03
-3.01704346e-03
-4.22253879e-03
-5.42799430e-03
-6.63339905e-03
-7.83874094e-03
-9.04400926e-03
-1.02491928e-02
-1.14542786e-02
-1.26592582e-02
-1.38641177e-02
-1.50688477e-02
-1.62734352e-02
-1.74778700e-02
-1.86821390e-02
-1.98862329e-02
-2.10901406e-02
-2.22938489e-02
-2.34973487e-02
-2.47006267e-02
-2.59036738e-02
-2.71064751e-02
-2.83090230e-02
-2.95113027e-02
-3.07133030e-02
-3.19150165e-02
-3.31164263e-02
-3.43175270e-02
-3.55183072e-02
-3.67187522e-02
-3.79188471e-02
-3.91185880e-02
-4.03179675e-02
-4.15169597e-02
-4.27155606e-02
-4.39137667e-02
-4.51115556e-02
-4.63089198e-02
-4.75058444e-02
-4.87023294e-02
-4.98983525e-02
-5.10939062e-02
-5.22889793e-02
-5.34835607e-02
-5.46776317e-02
-5.58711924e-02
-5.70642240e-02
-5.82567193e-02
-5.94486669e-02
-6.06400557e-02
-6.18308745e-02
-6.30211085e-02
-6.42107576e-02
-6.53997883e-02
-6.65882081e-02
-6.77760020e-02
-6.89631701e-02
-7.01496750e-02
-7.13355243e-02
-7.25206956e-02
-7.37051889e-02
-7.48889893e-02
-7.60720894e-02
-7.72544667e-02
-7.84361213e-02
-7.96170384e-02
-8.07972103e-02
-8.19766298e-02
-8.31552744e-02
-8.43331367e-02
-8.55101943e-02
-8.66864547e-02
-8.78618956e-02
-8.90365168e-02
-9.02103037e-02
-9.13832411e-02
-9.25553143e-02
-9.37265232e-02
-9.48968455e-02
-9.60662812e-02
-9.72348079e-02
-9.84024107e-02
-9.95690897e-02
-1.00734830e-01
-1.01899616e-01
-1.03063442e-01
-1.04226314e-01
-1.05388194e-01
-1.06549084e-01
-1.07708961e-01
-1.08867832e-01
-1.10025674e-01
-1.11182481e-01
-1.12338237e-01
-1.13492936e-01
-1.14646569e-01
-1.15799122e-01
-1.16950586e-01
-1.18100941e-01
-1.19250186e-01
-1.20398313e-01
-1.21545300e-01
-1.22691147e-01
-1.23835839e-01
-1.24979369e-01
-1.26121715e-01
-1.27262875e-01
-1.28402859e-01
-1.29541621e-01
-1.30679160e-01
-1.31815463e-01
-1.32950544e-01
-1.34084359e-01
-1.35216922e-01
-1.36348203e-01
-1.37478203e-01
-1.38606906e-01
-1.39734313e-01
-1.40860409e-01
-1.41985178e-01
-1.43108591e-01
-1.44230664e-01
-1.45351395e-01
-1.46470755e-01
-1.47588745e-01
-1.48705333e-01
-1.49820521e-01
-1.50934294e-01
-1.52046666e-01
-1.53157607e-01
-1.54267102e-01
-1.55375153e-01
-1.56481743e-01
-1.57586843e-01
-1.58690467e-01
-1.59792602e-01
-1.60893232e-01
-1.61992356e-01
-1.63089946e-01
-1.64186001e-01
-1.65280521e-01
-1.66373491e-01
-1.67464882e-01
-1.68554693e-01
-1.69642925e-01
-1.70729563e-01
-1.71814606e-01
-1.72898039e-01
-1.73979834e-01
-1.75059989e-01
-1.76138505e-01
-1.77215353e-01
-1.78290546e-01
-1.79364070e-01
-1.80435911e-01
-1.81506038e-01
-1.82574466e-01
-1.83641180e-01
-1.84706166e-01
-1.85769424e-01
-1.86830923e-01
-1.87890664e-01
-1.88948646e-01
-1.90004840e-01
-1.91059247e-01
-1.92111850e-01
-1.93162650e-01
-1.94211632e-01
-1.95258781e-01
-1.96304083e-01
-1.97347552e-01
-1.98389143e-01
-1.99428871e-01
-2.00466722e-01
-2.01502696e-01
-2.02536747e-01
-2.03568891e-01
-2.04599127e-01
-2.05627427e-01
-2.06653804e-01
-2.07678214e-01
-2.08700687e-01
-2.09721178e-01
-2.10739702e-01
-2.11756229e-01
-2.12770775e-01
-2.13783309e-01
-2.14793816e-01
-2.15802312e-01
-2.16808781e-01
-2.17813209e-01
-2.18815565e-01
-2.19815880e-01
-2.20814124e-01
-2.21810281e-01
-2.22804353e-01
-2.23796323e-01
-2.24786192e-01
-2.25773931e-01
-2.26759538e-01
-2.27743015e-01
-2.28724360e-01
-2.29703560e-01
-2.30680600e-01
-2.31655449e-01
-2.32628107e-01
-2.33598575e-01
-2.34566838e-01
-2.35532910e-01
-2.36496761e-01
-2.37458363e-01
-2.38417760e-01
-2.39374891e-01
-2.40329787e-01
-2.41282418e-01
-2.42232785e-01
-2.43180856e-01
-2.44126618e-01
-2.45070100e-01
-2.46011287e-01
-2.46950150e-01
-2.47886673e-01
-2.48820871e-01
-2.49752745e-01
-2.50682235e-01
-2.51609385e-01
-2.52534151e-01
-2.53456563e-01
-2.54376620e-01
-2.55294293e-01
-2.56209552e-01
-2.57122397e-01
-2.58032829e-01
-2.58940846e-01
-2.59846359e-01
-2.60749459e-01
-2.61650085e-01
-2.62548298e-01
-2.63444006e-01
-2.64337242e-01
-2.65227973e-01
-2.66116261e-01
-2.67002016e-01
-2.67885268e-01
-2.68765986e-01
-2.69644201e-01
-2.70519853e-01
-2.71392971e-01
-2.72263587e-01
-2.73131579e-01
-2.73997039e-01
-2.74859875e-01
-2.75720149e-01
-2.76577801e-01
-2.77432919e-01
-2.78285384e-01
-2.79135227e-01
-2.79982448e-01
-2.80827045e-01
-2.81668991e-01
-2.82508314e-01
-2.83344954e-01
-2.84178942e-01
-2.85010219e-01
-2.85838813e-01
-2.86664754e-01
-2.87487984e-01
-2.88308471e-01
-2.89126307e-01
-2.89941370e-01
-2.90753752e-01
-2.91563392e-01
-2.92370290e-01
-2.93174446e-01
-2.93975860e-01
-2.94774503e-01
-2.95570344e-01
-2.96363413e-01
-2.97153682e-01
-2.97941178e-01
-2.98725843e-01
-2.99507707e-01
-3.00286770e-01
-3.01063001e-01
-3.01836401e-01
-3.02606970e-01
-3.03374708e-01
-3.04139614e-01
-3.04901659e-01
-3.05660874e-01
-3.06417227e-01
-3.07170719e-01
-3.07921290e-01
-3.08668941e-01
-3.09413671e-01
-3.10155481e-01
-3.10894340e-01
-3.11630249e-01
-3.12363237e-01
-3.13093305e-01
-3.13820392e-01
-3.14544588e-01
-3.15265775e-01
-3.15984040e-01
-3.16699296e-01
-3.17411631e-01
-3.18120956e-01
-3.18827301e-01
-3.19530636e-01
-3.20230991e-01
-3.20928305e-01
-3.21622610e-01
-3.22313875e-01
-3.23002130e-01
-3.23687315e-01
-3.24369460e-01
-3.25048596e-01
-3.25724632e-01
-3.26397628e-01
-3.27067524e-01
-3.27734351e-01
-3.28398138e-01
-3.29058796e-01
-3.29716384e-01
-3.30370903e-01
-3.31022292e-01
-3.31670582e-01
-3.32315713e-01
-3.32957745e-01
-3.33596617e-01
-3.34232390e-01
-3.34865004e-01
-3.35494459e-01
-3.36120754e-01
-3.36743891e-01
-3.37363869e-01
-3.37980658e-01
-3.38594288e-01
-3.39204699e-01
-3.39811951e-01
-3.40415984e-01
-3.41016799e-01
-3.41614455e-01
-3.42208922e-01
-3.42800140e-01
-3.43388140e-01
-3.43972921e-01
-3.44554484e-01
-3.45132828e-01
-3.45707923e-01
-3.46279740e-01
-3.46848279e-01
-3.47413540e-01
-3.47975552e-01
-3.48534286e-01
-3.49089712e-01
-3.49641889e-01
-3.50190759e-01
-3.50736350e-01
-3.51278603e-01
-3.51817578e-01
-3.52353245e-01
-3.52885604e-01
-3.53414655e-01
-3.53940398e-01
-3.54462832e-01
-3.54981899e-01
-3.55497628e-01
-3.56010050e-01
-3.56519133e-01
-3.57024878e-01
-3.57527256e-01
-3.58026266e-01
-3.58521909e-01
-3.59014183e-01
-3.59503061e-01
-3.59988540e-01
-3.60470593e-01
-3.60949308e-01
-3.61424595e-01
-3.61896515e-01
-3.62365007e-01
-3.62830132e-01
-3.63291800e-01
-3.63750070e-01
-3.64204884e-01
-3.64656299e-01
-3.65104288e-01
-3.65548849e-01
-3.65989983e-01
-3.66427660e-01
-3.66861910e-01
-3.67292732e-01
-3.67720097e-01
-3.68143976e-01
-3.68564427e-01
-3.68981391e-01
-3.69394898e-01
-3.69804949e-01
-3.70211542e-01
-3.70614648e-01
-3.71014267e-01
-3.71410400e-01
-3.71803015e-01
-3.72192174e-01
-3.72577786e-01
-3.72959912e-01
-3.73338521e-01
-3.73713642e-01
-3.74085218e-01
-3.74453247e-01
-3.74817818e-01
-3.75178814e-01
-3.75536293e-01
-3.75890255e-01
-3.76240671e-01
-3.76587540e-01
-3.76930863e-01
-3.77270639e-01
-3.77606839e-01
-3.77939463e-01
-3.78268540e-01
-3.78594041e-01
-3.78916025e-01
-3.79234374e-01
-3.79549176e-01
-3.79860401e-01
-3.80168021e-01
-3.80472094e-01
-3.80772561e-01
-3.81069481e-01
-3.81362826e-01
-3.81652594e-01
-3.81938785e-01
-3.82221401e-01
-3.82500410e-01
-3.82775843e-01
-3.83047640e-01
-3.83315802e-01
-3.83580327e-01
-3.83841217e-01
-3.84098470e-01
-3.84352088e-01
-3.84602070e-01
-3.84848446e-01
-3.85091126e-01
-3.85330200e-01
-3.85565639e-01
-3.85797411e-01
-3.86025518e-01
-3.86250019e-01
-3.86470854e-01
-3.86688054e-01
-3.86901617e-01
-3.87111485e-01
-3.87317747e-01
-3.87520343e-01
-3.87719274e-01
-3.87914568e-01
-3.88106197e-01
-3.88294160e-01
-3.88478488e-01
-3.88659090e-01
-3.88836086e-01
-3.89009386e-01
-3.89179051e-01
-3.89345020e-01
-3.89507383e-01
-3.89666021e-01
-3.89821023e-01
-3.89972329e-01
-3.90119970e-01
-3.90263915e-01
-3.90404195e-01
-3.90540808e-01
-3.90673727e-01
-3.90802979e-01
-3.90928537e-01
-3.91050398e-01
-3.91168594e-01
-3.91283125e-01
-3.91393960e-01
-3.91501099e-01
-3.91604543e-01
-3.91704291e-01
-3.91800374e-01
-3.91892731e-01
-3.91981393e-01
-3.92066360e-01
-3.92147660e-01
-3.92225236e-01
-3.92299116e-01
-3.92369300e-01
-3.92435789e-01
-3.92498553e-01
-3.92557651e-01
-3.92613083e-01
-3.92664760e-01
-3.92712802e-01
-3.92757118e-01
-3.92797738e-01
-3.92834634e-01
-3.92867863e-01
-3.92897367e-01
-3.92923176e-01
-3.92945319e-01
-3.92963707e-01
-3.92978430e-01
-3.92989427e-01
-3.92996728e-01
-3.93000275e-01
-3.93000156e-01
-3.92996311e-01
-3.92988741e-01
-3.92977476e-01
-3.92962486e-01
-3.92943829e-01
-3.92921448e-01
-3.92895371e-01
-3.92865598e-01
-3.92832130e-01
-3.92794967e-01
-3.92754108e-01
-3.92709523e-01
-3.92661244e-01
-3.92609268e-01
-3.92553598e-01
-3.92494202e-01
-3.92431140e-01
-3.92364383e-01
-3.92293930e-01
-3.92219812e-01
-3.92141938e-01
-3.92060399e-01
-3.91975135e-01
-3.91886204e-01
-3.91793579e-01
-3.91697288e-01
-3.91597271e-01
-3.91493559e-01
-3.91386181e-01
-3.91275078e-01
-3.91160280e-01
-3.91041815e-01
-3.90919685e-01
-3.90793860e-01
-3.90664369e-01
-3.90531152e-01
-3.90394300e-01
-3.90253782e-01
-3.90109539e-01
-3.89961660e-01
-3.89810085e-01
-3.89654845e-01
-3.89495939e-01
-3.89333367e-01
-3.89167130e-01
-3.88997197e-01
-3.88823658e-01
-3.88646394e-01
-3.88465524e-01
-3.88280928e-01
-3.88092697e-01
-3.87900859e-01
-3.87705326e-01
-3.87506157e-01
-3.87303323e-01
-3.87096882e-01
-3.86886746e-01
-3.86672944e-01
-3.86455506e-01
-3.86234432e-01
-3.86009693e-01
-3.85781318e-01
-3.85549307e-01
-3.85313630e-01
-3.85074317e-01
-3.84831369e-01
-3.84584814e-01
-3.84334594e-01
-3.84080768e-01
-3.83823276e-01
-3.83562118e-01
-3.83297324e-01
-3.83028895e-01
-3.82756859e-01
-3.82481217e-01
-3.82201999e-01
-3.81919205e-01
-3.81632835e-01
-3.81342888e-01
-3.81049365e-01
-3.80752265e-01
-3.80451590e-01
-3.80147338e-01
-3.79839480e-01
-3.79528075e-01
-3.79213095e-01
-3.78894538e-01
-3.78572404e-01
-3.78246725e-01
-3.77917498e-01
-3.77584696e-01
-3.77248377e-01
-3.76908451e-01
-3.76565039e-01
-3.76218051e-01
-3.75867486e-01
-3.75513434e-01
-3.75155807e-01
-3.74794662e-01
-3.74429971e-01
-3.74061763e-01
-3.73690039e-01
-3.73314798e-01
-3.72936010e-01
-3.72553766e-01
-3.72167975e-01
-3.71778697e-01
-3.71385902e-01
-3.70989621e-01
-3.70589852e-01
-3.70186597e-01
-3.69779855e-01
-3.69369656e-01
-3.68956000e-01
-3.68538886e-01
-3.68118316e-01
-3.67694318e-01
-3.67266834e-01
-3.66835922e-01
-3.66401553e-01
-3.65963757e-01
-3.65522504e-01
-3.65077823e-01
-3.64629686e-01
-3.64178151e-01
-3.63723159e-01
-3.63264769e-01
-3.62802953e-01
-3.62337768e-01
-3.61869156e-01
-3.61397147e-01
-3.60921741e-01
-3.60442936e-01
-3.59960735e-01
-3.59475136e-01
-3.58986139e-01
-3.58493745e-01
-3.57997954e-01
-3.57498765e-01
-3.56996238e-01
-3.56490374e-01
-3.55981171e-01
-3.55468631e-01
-3.54952753e-01
-3.54433566e-01
-3.53911042e-01
-3.53385150e-01
-3.52856010e-01
-3.52323532e-01
-3.51787746e-01
-3.51248622e-01
-3.50706220e-01
-3.50160480e-01
-3.49611491e-01
-3.49059194e-01
-3.48503649e-01
-3.47944796e-01
-3.47382665e-01
-3.46817255e-01
-3.46248597e-01
-3.45676661e-01
-3.45101446e-01
-3.44523013e-01
-3.43941331e-01
-3.43356431e-01
-3.42768282e-01
-3.42176944e-01
-3.41582358e-01
-3.40984613e-01
-3.40383679e-01
-3.39779526e-01
-3.39172184e-01
-3.38561654e-01
-3.37947965e-01
-3.37331086e-01
-3.36711019e-01
-3.36087793e-01
-3.35461408e-01
-3.34831834e-01
-3.34199131e-01
-3.33563268e-01
-3.32924247e-01
-3.32282126e-01
-3.31636846e-01
-3.30988467e-01
-3.30336988e-01
-3.29682410e-01
-3.29024732e-01
-3.28363985e-01
-3.27700138e-01
-3.27033222e-01
-3.26363206e-01
-3.25690150e-01
-3.25013995e-01
-3.24334830e-01
-3.23652595e-01
-3.22967321e-01
-3.22279006e-01
-3.21587622e-01
-3.20893228e-01
-3.20195824e-01
-3.19495410e-01
-3.18791986e-01
-3.18085581e-01
-3.17376196e-01
-3.16663831e-01
-3.15948516e-01
-3.15230191e-01
-3.14508945e-01
-3.13784689e-01
-3.13057512e-01
-3.12327415e-01
-3.11594367e-01
-3.10858399e-01
-3.10119480e-01
-3.09377611e-01
-3.08632821e-01
-3.07885110e-01
-3.07134509e-01
-3.06380987e-01
-3.05624604e-01
-3.04865360e-01
-3.04103255e-01
-3.03338319e-01
-3.02570522e-01
-3.01799893e-01
-3.01026434e-01
-3.00250173e-01
-2.99471080e-01
-2.98689187e-01
-2.97904462e-01
-2.97116965e-01
-2.96326667e-01
-2.95533568e-01
-2.94737667e-01
-2.93938994e-01
-2.93137550e-01
-2.92333335e-01
-2.91526407e-01
-2.90716767e-01
-2.89904356e-01
-2.89089262e-01
-2.88271427e-01
-2.87450910e-01
-2.86627680e-01
-2.85801739e-01
-2.84973115e-01
-2.84141839e-01
-2.83307850e-01
-2.82471180e-01
-2.81631887e-01
-2.80789912e-01
-2.79945314e-01
-2.79098094e-01
-2.78248250e-01
-2.77395785e-01
-2.76540726e-01
-2.75683045e-01
-2.74822801e-01
-2.73959965e-01
-2.73094565e-01
-2.72226572e-01
-2.71356016e-01
-2.70482898e-01
-2.69607246e-01
-2.68729031e-01
-2.67848283e-01
-2.66965032e-01
-2.66079247e-01
-2.65191019e-01
-2.64300317e-01
-2.63407111e-01
-2.62511432e-01
-2.61613280e-01
-2.60712653e-01
-2.59809613e-01
-2.58904099e-01
-2.57996142e-01
-2.57085741e-01
-2.56172925e-01
-2.55257696e-01
-2.54340053e-01
-2.53420025e-01
-2.52497643e-01
-2.51572877e-01
-2.50645757e-01
-2.49716282e-01
-2.48784453e-01
-2.47850284e-01
-2.46913791e-01
-2.45974958e-01
-2.45033801e-01
-2.44090363e-01
-2.43144631e-01
-2.42196605e-01
-2.41246313e-01
-2.40293741e-01
-2.39338905e-01
-2.38381803e-01
-2.37422481e-01
-2.36460909e-01
-2.35497102e-01
-2.34531075e-01
-2.33562857e-01
-2.32592434e-01
-2.31619820e-01
-2.30645031e-01
-2.29668066e-01
-2.28688955e-01
-2.27707684e-01
-2.26724267e-01
-2.25738734e-01
-2.24751055e-01
-2.23761275e-01
-2.22769395e-01
-2.21775398e-01
-2.20779300e-01
-2.19781145e-01
-2.18780920e-01
-2.17778623e-01
-2.16774300e-01
-2.15767905e-01
-2.14759499e-01
-2.13749066e-01
-2.12736636e-01
-2.11722180e-01
-2.10705727e-01
-2.09687307e-01
-2.08666921e-01
-2.07644537e-01
-2.06620201e-01
-2.05593914e-01
-2.04565719e-01
-2.03535572e-01
-2.02503517e-01
-2.01469570e-01
-2.00433701e-01
-1.99395955e-01
-1.98356345e-01
-1.97314844e-01
-1.96271494e-01
-1.95226297e-01
-1.94179267e-01
-1.93130389e-01
-1.92079693e-01
-1.91027194e-01
-1.89972892e-01
-1.88916817e-01
-1.87858969e-01
-1.86799332e-01
-1.85737923e-01
-1.84674785e-01
-1.83609903e-01
-1.82543308e-01
-1.81474999e-01
-1.80404976e-01
-1.79333255e-01
-1.78259850e-01
-1.77184775e-01
-1.76108047e-01
-1.75029650e-01
-1.73949629e-01
-1.72867954e-01
-1.71784639e-01
-1.70699716e-01
-1.69613197e-01
-1.68525100e-01
-1.67435408e-01
-1.66344136e-01
-1.65251300e-01
-1.64156914e-01
-1.63060993e-01
-1.61963537e-01
-1.60864562e-01
-1.59764066e-01
-1.58662066e-01
-1.57558575e-01
-1.56453609e-01
-1.55347168e-01
-1.54239267e-01
-1.53129905e-01
-1.52019098e-01
-1.50906876e-01
-1.49793252e-01
-1.48678213e-01
-1.47561759e-01
-1.46443933e-01
-1.45324722e-01
-1.44204155e-01
-1.43082216e-01
-1.41958952e-01
-1.40834332e-01
-1.39708400e-01
-1.38581127e-01
-1.37452587e-01
-1.36322737e-01
-1.35191619e-01
-1.34059206e-01
-1.32925555e-01
-1.31790638e-01
-1.30654499e-01
-1.29517138e-01
-1.28378525e-01
-1.27238721e-01
-1.26097724e-01
-1.24955535e-01
-1.23812176e-01
-1.22667655e-01
-1.21521980e-01
-1.20375156e-01
-1.19227201e-01
-1.18078113e-01
-1.16927929e-01
-1.15776643e-01
-1.14624262e-01
-1.13470808e-01
-1.12316281e-01
-1.11160703e-01
-1.10004067e-01
-1.08846411e-01
-1.07687719e-01
-1.06528021e-01
-1.05367318e-01
-1.04205616e-01
-1.03042930e-01
-1.01879291e-01
-1.00714691e-01
-9.95491296e-02
-9.83826444e-02
-9.72152203e-02
-9.60468873e-02
-9.48776454e-02
-9.37075093e-02
-9.25364941e-02
-9.13646072e-02
-9.01918560e-02
-8.90182555e-02
-8.78438279e-02
-8.66685733e-02
-8.54924992e-02
-8.43156204e-02
-8.31379518e-02
-8.19595009e-02
-8.07802826e-02
-7.96003044e-02
-7.84195811e-02
-7.72381201e-02
-7.60559365e-02
-7.48730302e-02
-7.36894235e-02
-7.25051239e-02
-7.13201389e-02
-7.01344833e-02
-6.89481720e-02
-6.77612051e-02
-6.65736124e-02
-6.53853863e-02
-6.41965494e-02
-6.30071014e-02
-6.18170686e-02
-6.06264547e-02
-5.94352670e-02
-5.82435206e-02
-5.70512228e-02
-5.58583885e-02
-5.46650290e-02
-5.34711592e-02
-5.22767827e-02
-5.10819145e-02
-4.98865619e-02
-4.86907437e-02
-4.74944636e-02
-4.62977402e-02
-4.51005772e-02
-4.39029895e-02
-4.27049920e-02
-4.15065959e-02
-4.03078087e-02
-3.91086377e-02
-3.79091017e-02
-3.67092080e-02
-3.55089717e-02
-3.43083963e-02
-3.31075005e-02
-3.19062956e-02
-3.07047889e-02
-2.95029934e-02
-2.83009205e-02
-2.70985812e-02
-2.58959867e-02
-2.46931482e-02
-2.34900787e-02
-2.22867858e-02
-2.10832842e-02
-1.98795851e-02
-1.86756980e-02
-1.74716339e-02
-1.62674077e-02
-1.50630288e-02
-1.38585074e-02
-1.26538565e-02
-1.14490865e-02
-1.02442084e-02
-9.03923437e-03
-7.83417467e-03
-6.62904186e-03
-5.42384665e-03
-4.21860069e-03
-3.01331445e-03
-1.80800026e-03
-6.02668675e-04
6.02668675e-04
1.80800026e-03
