-5.62701025e-04
-1.87567581e-04
1.87567581e-04
5.62701025e-04
9.37829085e-04
1.31294841e-03
1.68805534e-03
2.06314633e-03
2.43821810e-03
2.81326682e-03
3.18828877e-03
3.56328092e-03
3.93823953e-03
4.31316067e-03
4.68804175e-03
5.06287906e-03
5.43766841e-03
5.81240607e-03
6.18708972e-03
6.56171469e-03
6.93627773e-03
7.31077511e-03
7.68520357e-03
8.05956032e-03
8.43384024e-03
8.80804192e-03
9.18215979e-03
9.55619104e-03
9.93013196e-03
1.03039797e-02
1.06777325e-02
1.10513838e-02
1.14249317e-02
1.17983725e-02
1.21717025e-02
1.25449169e-02
1.29180141e-02
1.32909892e-02
1.36638386e-02
1.40365595e-02
1.44091481e-02
1.47815999e-02
1.51539138e-02
1.55260842e-02
1.58981085e-02
1.62699856e-02
1.66417081e-02
1.70132741e-02
1.73846819e-02
1.77559219e-02
1.81270000e-02
1.84979048e-02
1.88686363e-02
1.92391910e-02
1.96095631e-02
1.99797507e-02
2.03497503e-02
2.07195580e-02
2.10891701e-02
2.14585867e-02
2.18278002e-02
2.21968070e-02
2.25656070e-02
2.29341947e-02
2.33025681e-02
2.36707218e-02
2.40386538e-02
2.44063586e-02
2.47738324e-02
2.51410715e-02
2.55080741e-02
2.58748364e-02
2.62413565e-02
2.66076308e-02
2.69736517e-02
2.73394194e-02
2.77049281e-02
2.80701779e-02
2.84351632e-02
2.87998784e-02
2.91643273e-02
2.95284986e-02
2.98923906e-02
3.02560031e-02
3.06193307e-02
3.09823696e-02
3.13451178e-02
3.17075700e-02
3.20697278e-02
3.24315801e-02
3.27931270e-02
3.31543647e-02
3.35152932e-02
3.38759050e-02
3.42362002e-02
3.45961712e-02
3.49558182e-02
3.53151336e-02
3.56741212e-02
3.60327698e-02
3.63910757e-02
3.67490463e-02
3.71066667e-02
3.74639407e-02
3.78208570e-02
3.81774232e-02
3.85336317e-02
3.88894752e-02
3.92449535e-02
3.96000668e-02
3.99548039e-02
4.03091647e-02
4.06631455e-02
4.10167426e-02
4.13699597e-02
4.17227857e-02
4.20752168e-02
4.24272530e-02
4.27788906e-02
4.31301296e-02
4.34809625e-02
4.38313857e-02
4.41813916e-02
4.45309877e-02
4.48801666e-02
4.52289209e-02
4.55772541e-02
4.59251553e-02
4.62726243e-02
4.66196574e-02
4.69662547e-02
4.73124087e-02
4.76581156e-02
4.80033755e-02
4.83481847e-02
4.86925356e-02
4.90364321e-02
4.93798591e-02
4.97228205e-02
5.00653163e-02
5.04073352e-02
5.07488884e-02
5.10899611e-02
5.14305532e-02
5.17706573e-02
5.21102734e-02
5.24494052e-02
5.27880378e-02
5.31261750e-02
5.34638092e-02
5.38009405e-02
5.41375652e-02
5.44736795e-02
5.48092797e-02
5.51443659e-02
5.54789305e-02
5.58129735e-02
5.61464950e-02
5.64794838e-02
5.68119437e-02
5.71438633e-02
5.74752502e-02
5.78060932e-02
5.81363924e-02
5.84661439e-02
5.87953441e-02
5.91239966e-02
5.94520867e-02
5.97796142e-02
6.01065792e-02
6.04329817e-02
6.07588142e-02
6.10840768e-02
6.14087619e-02
6.17328696e-02
6.20563962e-02
6.23793378e-02
6.27016947e-02
6.30234629e-02
6.33446425e-02
6.36652261e-02
6.39852136e-02
6.43045902e-02
6.46233633e-02
6.49415255e-02
6.52590767e-02
6.55760169e-02
6.58923313e-02
6.62080348e-02
6.65231198e-02
6.68375790e-02
6.71514124e-02
6.74646124e-02
6.77771717e-02
6.80890977e-02
6.84003830e-02
6.87110275e-02
6.90210164e-02
6.93303645e-02
6.96390569e-02
6.99470937e-02
7.02544749e-02
7.05612004e-02
7.08672553e-02
7.11726397e-02
7.14773536e-02
7.17813969e-02
7.20847696e-02
7.23874643e-02
7.26894736e-02
7.29907975e-02
7.32914433e-02
7.35914037e-02
7.38906637e-02
7.41892308e-02
7.44871050e-02
7.47842714e-02
7.50807375e-02
7.53764883e-02
7.56715387e-02
7.59658739e-02
7.62595087e-02
7.65524358e-02
7.68446326e-02
7.71360993e-02
7.74268433e-02
7.77168497e-02
7.80061334e-02
7.82946795e-02
7.85824880e-02
7.88695589e-02
7.91558921e-02
7.94414729e-02
7.97263160e-02
8.00104067e-02
8.02937523e-02
8.05763304e-02
8.08581561e-02
8.11392143e-02
8.14195201e-02
8.16990510e-02
8.19778219e-02
8.22558105e-02
8.25330317e-02
8.28094855e-02
8.30851570e-02
8.33600461e-02
8.36341530e-02
8.39074701e-02
8.41800049e-02
8.44517499e-02
8.47226903e-02
8.49928409e-02
8.52621868e-02
8.55307356e-02
8.57984871e-02
8.60654339e-02
8.63315612e-02
8.65968838e-02
8.68613869e-02
8.71250704e-02
8.73879418e-02
8.76499861e-02
8.79112035e-02
8.81715938e-02
8.84311572e-02
8.86898935e-02
8.89477879e-02
8.92048553e-02
8.94610807e-02
8.97164717e-02
8.99710208e-02
9.02247131e-02
9.04775634e-02
9.07295570e-02
9.09807011e-02
9.12309885e-02
9.14804190e-02
9.17290002e-02
9.19767097e-02
9.22235548e-02
9.24695358e-02
9.27146524e-02
9.29588974e-02
9.32022706e-02
9.34447572e-02
9.36863720e-02
9.39270929e-02
9.41669419e-02
9.44058970e-02
9.46439728e-02
9.48811546e-02
9.51174423e-02
9.53528360e-02
9.55873355e-02
9.58209336e-02
9.60536301e-02
9.62854177e-02
9.65162888e-02
9.67462510e-02
9.69752893e-02
9.72034261e-02
9.74306390e-02
9.76569429e-02
9.78823230e-02
9.81067866e-02
9.83303189e-02
9.85529274e-02
9.87746045e-02
9.89953503e-02
9.92151648e-02
9.94340479e-02
9.96519849e-02
9.98689905e-02
1.00085050e-01
1.00300178e-01
1.00514345e-01
1.00727580e-01
1.00939877e-01
1.01151213e-01
1.01361588e-01
1.01571016e-01
1.01779491e-01
1.01987012e-01
1.02193564e-01
1.02399155e-01
1.02603778e-01
1.02807440e-01
1.03010133e-01
1.03211842e-01
1.03412591e-01
1.03612356e-01
1.03811152e-01
1.04008958e-01
1.04205795e-01
1.04401648e-01
1.04596525e-01
1.04790404e-01
1.04983307e-01
1.05175227e-01
1.05366148e-01
1.05556086e-01
1.05745018e-01
1.05932966e-01
1.06119908e-01
1.06305860e-01
1.06490798e-01
1.06674731e-01
1.06857665e-01
1.07039601e-01
1.07220516e-01
1.07400425e-01
1.07579321e-01
1.07757211e-01
1.07934073e-01
1.08109929e-01
1.08284764e-01
1.08458586e-01
1.08631380e-01
1.08803153e-01
1.08973905e-01
1.09143622e-01
1.09312318e-01
1.09479986e-01
1.09646618e-01
1.09812215e-01
1.09976783e-01
1.10140316e-01
1.10302821e-01
1.10464282e-01
1.10624701e-01
1.10784076e-01
1.10942416e-01
1.11099690e-01
1.11255936e-01
1.11411132e-01
1.11565270e-01
1.11718364e-01
1.11870408e-01
1.12021394e-01
1.12171330e-01
1.12320207e-01
1.12468034e-01
1.12614803e-01
1.12760507e-01
1.12905152e-01
1.13048732e-01
1.13191247e-01
1.13332704e-01
1.13473080e-01
1.13612406e-01
1.13750644e-01
1.13887817e-01
1.14023916e-01
1.14158951e-01
1.14292905e-01
1.14425793e-01
1.14557602e-01
1.14688337e-01
1.14817999e-01
1.14946574e-01
1.15074083e-01
1.15200497e-01
1.15325823e-01
1.15450062e-01
1.15573205e-01
1.15695260e-01
1.15816228e-01
1.15936115e-01
1.16054893e-01
1.16172589e-01
1.16289191e-01
1.16404697e-01
1.16519108e-01
1.16632417e-01
1.16744630e-01
1.16855748e-01
1.16965756e-01
1.17074676e-01
1.17182486e-01
1.17289200e-01
1.17394805e-01
1.17499307e-01
1.17602706e-01
1.17705010e-01
1.17806189e-01
1.17906265e-01
1.18005238e-01
1.18103094e-01
1.18199833e-01
1.18295468e-01
1.18389986e-01
1.18483402e-01
1.18575692e-01
1.18666865e-01
1.18756928e-01
1.18845865e-01
1.18933693e-01
1.19020402e-01
1.19105987e-01
1.19190462e-01
1.19273804e-01
1.19356021e-01
1.19437128e-01
1.19517103e-01
1.19595967e-01
1.19673692e-01
1.19750291e-01
1.19825773e-01
1.19900122e-01
1.19973339e-01
1.20045431e-01
1.20116398e-01
1.20186225e-01
1.20254926e-01
1.20322496e-01
1.20388933e-01
1.20454237e-01
1.20518401e-01
1.20581441e-01
1.20643348e-01
1.20704114e-01
1.20763749e-01
1.20822243e-01
1.20879605e-01
1.20935827e-01
1.20990917e-01
1.21044867e-01
1.21097676e-01
1.21149339e-01
1.21199876e-01
1.21249251e-01
1.21297508e-01
1.21344611e-01
1.21390581e-01
1.21435404e-01
1.21479087e-01
1.21521622e-01
1.21563010e-01
1.21603258e-01
1.21642359e-01
1.21680312e-01
1.21717118e-01
1.21752784e-01
1.21787302e-01
1.21820673e-01
1.21852905e-01
1.21883981e-01
1.21913910e-01
1.21942692e-01
1.21970318e-01
1.21996805e-01
1.22022144e-01
1.22046329e-01
1.22069366e-01
1.22091264e-01
1.22112006e-01
1.22131601e-01
1.22150034e-01
1.22167327e-01
1.22183464e-01
1.22198462e-01
1.22212298e-01
1.22224979e-01
1.22236520e-01
1.22246906e-01
1.22256137e-01
1.22264221e-01
1.22271150e-01
1.22276932e-01
1.22281559e-01
1.22285016e-01
1.22287311e-01
1.22288451e-01
1.22288421e-01
1.22287236e-01
1.22284882e-01
1.22281373e-01
1.22276708e-01
1.22270897e-01
1.22263938e-01
1.22255832e-01
1.22246578e-01
1.22236170e-01
1.22224621e-01
1.22211918e-01
1.22198060e-01
1.22183062e-01
1.22166902e-01
1.22149602e-01
1.22131146e-01
1.22111537e-01
1.22090787e-01
1.22068875e-01
1.22045822e-01
1.22021623e-01
1.21996276e-01
1.21969782e-01
1.21942148e-01
1.21913351e-01
1.21883415e-01
1.21852323e-01
1.21820085e-01
1.21786706e-01
1.21752180e-01
1.21716507e-01
1.21679686e-01
1.21641725e-01
1.21602610e-01
1.21562354e-01
1.21520959e-01
1.21478416e-01
1.21434733e-01
1.21389903e-01
1.21343933e-01
1.21296823e-01
1.21248566e-01
1.21199176e-01
1.21148638e-01
1.21096969e-01
1.21044159e-01
1.20990209e-01
1.20935120e-01
1.20878898e-01
1.20821536e-01
1.20763034e-01
1.20703392e-01
1.20642617e-01
1.20580710e-01
1.20517671e-01
1.20453492e-01
1.20388187e-01
1.20321743e-01
1.20254174e-01
1.20185465e-01
1.20115638e-01
1.20044678e-01
1.19972579e-01
1.19899355e-01
1.19824998e-01
1.19749524e-01
1.19672909e-01
1.19595177e-01
1.19516321e-01
1.19436331e-01
1.19355232e-01
1.19272999e-01
1.19189650e-01
1.19105168e-01
1.19019583e-01
1.18932866e-01
1.18845038e-01
1.18756093e-01
1.18666023e-01
1.18574850e-01
1.18482560e-01
1.18389152e-01
1.18294619e-01
1.18198976e-01
1.18102238e-01
1.18004374e-01
1.17905408e-01
1.17805324e-01
1.17704138e-01
1.17601842e-01
1.17498435e-01
1.17393933e-01
1.17288321e-01
1.17181607e-01
1.17073782e-01
1.16964862e-01
1.16854846e-01
1.16743736e-01
1.16631515e-01
1.16518192e-01
1.16403781e-01
1.16288267e-01
1.16171665e-01
1.16053969e-01
1.15935177e-01
1.15815297e-01
1.15694322e-01
1.15572244e-01
1.15449086e-01
1.15324847e-01
1.15199506e-01
1.15073085e-01
1.14945576e-01
1.14816986e-01
1.14687316e-01
1.14556573e-01
1.14424743e-01
1.14291847e-01
1.14157885e-01
1.14022844e-01
1.13886736e-01
1.13749556e-01
1.13611303e-01
1.13471992e-01
1.13331608e-01
1.13190144e-01
1.13047630e-01
1.12904049e-01
1.12759404e-01
1.12613693e-01
1.12466931e-01
1.12319097e-01
1.12170219e-01
1.12020276e-01
1.11869290e-01
1.11717246e-01
1.11564152e-01
1.11410007e-01
1.11254811e-01
1.11098565e-01
1.10941276e-01
1.10782936e-01
1.10623568e-01
1.10463142e-01
1.10301681e-01
1.10139184e-01
1.09975643e-01
1.09811075e-01
1.09645456e-01
1.09478824e-01
1.09311156e-01
1.09142460e-01
1.08972728e-01
1.08801983e-01
1.08630210e-01
1.08457416e-01
1.08283594e-01
1.08108759e-01
1.07932903e-01
1.07756034e-01
1.07578136e-01
1.07399233e-01
1.07219316e-01
1.07038394e-01
1.06856458e-01
1.06673516e-01
1.06489569e-01
1.06304623e-01
1.06118672e-01
1.05931722e-01
1.05743781e-01
1.05554834e-01
1.05364889e-01
1.05173953e-01
1.04982033e-01
1.04789130e-01
1.04595244e-01
1.04400367e-01
1.04204513e-01
1.04007669e-01
1.03809856e-01
1.03611067e-01
1.03411295e-01
1.03210546e-01
1.03008829e-01
1.02806129e-01
1.02602474e-01
1.02397837e-01
1.02192238e-01
1.01985671e-01
1.01778157e-01
1.01569682e-01
1.01360254e-01
1.01149864e-01
1.00938521e-01
1.00726239e-01
1.00513004e-01
1.00298814e-01
1.00083694e-01
9.98676196e-02
9.96506140e-02
9.94326621e-02
9.92137790e-02
9.89939570e-02
9.87731963e-02
9.85515192e-02
9.83289033e-02
9.81053561e-02
9.78808925e-02
9.76554975e-02
9.74291936e-02
9.72019732e-02
9.69738290e-02
9.67447758e-02
9.65148062e-02
9.62839276e-02
9.60521325e-02
9.58194360e-02
9.55858380e-02
9.53513384e-02
9.51159447e-02
9.48796570e-02
9.46424827e-02
9.44044143e-02
9.41654518e-02
9.39256027e-02
9.36848745e-02
9.34432596e-02
9.32007730e-02
9.29573998e-02
9.27131549e-02
9.24680382e-02
9.22220573e-02
9.19752046e-02
9.17274877e-02
9.14789140e-02
9.12294835e-02
9.09791961e-02
9.07280520e-02
9.04760584e-02
9.02232081e-02
8.99695083e-02
8.97149593e-02
8.94595757e-02
8.92033428e-02
8.89462754e-02
8.86883661e-02
8.84296298e-02
8.81700590e-02
8.79096687e-02
8.76484439e-02
8.73863995e-02
8.71235356e-02
8.68598446e-02
8.65953416e-02
8.63300189e-02
8.60638842e-02
8.57969373e-02
8.55291858e-02
8.52606371e-02
8.49912912e-02
8.47211480e-02
8.44502002e-02
8.41784701e-02
8.39059353e-02
8.36326107e-02
8.33584964e-02
8.30836073e-02
8.28079283e-02
8.25314745e-02
8.22542533e-02
8.19762498e-02
8.16974789e-02
8.14179480e-02
8.11376423e-02
8.08565840e-02
8.05747584e-02
8.02921727e-02
8.00088346e-02
7.97247365e-02
7.94398934e-02
7.91543052e-02
7.88679644e-02
7.85808936e-02
7.82930776e-02
7.80045316e-02
7.77152553e-02
7.74252415e-02
7.71344900e-02
7.68430158e-02
7.65508190e-02
7.62578994e-02
7.59642720e-02
7.56699294e-02
7.53748864e-02
7.50791207e-02
7.47826621e-02
7.44854957e-02
7.41876289e-02
7.38890618e-02
7.35897943e-02
7.32898340e-02
7.29891881e-02
7.26878569e-02
7.23858476e-02
7.20831603e-02
7.17797950e-02
7.14757591e-02
7.11710379e-02
7.08656535e-02
7.05595985e-02
7.02528730e-02
6.99454919e-02
6.96374550e-02
6.93287700e-02
6.90194219e-02
6.87094331e-02
6.83988035e-02
6.80875257e-02
6.77755997e-02
6.74630404e-02
6.71498477e-02
6.68360144e-02
6.65215552e-02
6.62064776e-02
6.58907741e-02
6.55744597e-02
6.52575195e-02
6.49399683e-02
6.46218061e-02
6.43030405e-02
6.39836565e-02
6.36636764e-02
6.33430928e-02
6.30219206e-02
6.27001598e-02
6.23778030e-02
6.20548613e-02
6.17313348e-02
6.14072271e-02
6.10825457e-02
6.07572868e-02
6.04314543e-02
6.01050556e-02
5.97780906e-02
5.94505630e-02
5.91224730e-02
5.87938279e-02
5.84646277e-02
5.81348799e-02
5.78045808e-02
5.74737415e-02
5.71423620e-02
5.68104424e-02
5.64779863e-02
5.61450012e-02
5.58114834e-02
5.54774441e-02
5.51428832e-02
5.48077971e-02
5.44722006e-02
5.41360900e-02
5.37994690e-02
5.34623377e-02
5.31247035e-02
5.27865663e-02
5.24479374e-02
5.21088131e-02
5.17692007e-02
5.14291003e-02
5.10885119e-02
5.07474430e-02
5.04058972e-02
5.00638746e-02
4.97213826e-02
4.93784212e-02
4.90349941e-02
4.86911014e-02
4.83467542e-02
4.80019487e-02
4.76566963e-02
4.73109894e-02
4.69648391e-02
4.66182455e-02
4.62712124e-02
4.59237471e-02
4.55758497e-02
4.52275239e-02
4.48787734e-02
4.45295982e-02
4.41800021e-02
4.38299961e-02
4.34795767e-02
4.31287475e-02
4.27775122e-02
4.24258783e-02
4.20738421e-02
4.17214148e-02
4.13685888e-02
4.10153754e-02
4.06617820e-02
4.03078012e-02
3.99534442e-02
3.95987108e-02
3.92436013e-02
3.88881303e-02
3.85322869e-02
3.81760858e-02
3.78195234e-02
3.74626070e-02
3.71053368e-02
3.67477201e-02
3.63897532e-02
3.60314474e-02
3.56728025e-02
3.53138186e-02
3.49545069e-02
3.45948637e-02
3.42348963e-02
3.38746086e-02
3.35140005e-02
3.31530757e-02
3.27918418e-02
3.24302986e-02
3.20684500e-02
3.17062996e-02
3.13438512e-02
3.09811123e-02
3.06180790e-02
3.02547589e-02
2.98911501e-02
2.95272600e-02
2.91630942e-02
2.87986528e-02
2.84339413e-02
2.80689634e-02
2.77037192e-02
2.73382142e-02
2.69724503e-02
2.66064350e-02
2.62401681e-02
2.58736536e-02
2.55068950e-02
2.51398962e-02
2.47726627e-02
2.44051944e-02
2.40374953e-02
2.36695707e-02
2.33014226e-02
2.29330529e-02
2.25644689e-02
2.21956726e-02
2.18266677e-02
2.14574579e-02
2.10880470e-02
2.07184367e-02
2.03486346e-02
1.99786387e-02
1.96084566e-02
1.92380883e-02
1.88675392e-02
1.84968133e-02
1.81259140e-02
1.77548416e-02
1.73836052e-02
1.70122031e-02
1.66406445e-02
1.62689257e-02
1.58970561e-02
1.55250365e-02
1.51528707e-02
1.47805633e-02
1.44081162e-02
1.40355332e-02
1.36628179e-02
1.32899722e-02
1.29170036e-02
1.25439120e-02
1.21707041e-02
1.17973806e-02
1.14239454e-02
1.10504031e-02
1.06767565e-02
1.03030093e-02
9.92916618e-03
9.55522992e-03
9.18120425e-03
8.80709197e-03
8.43289681e-03
8.05862155e-03
7.68426992e-03
7.30984705e-03
6.93535432e-03
6.56079641e-03
6.18617702e-03
5.81149943e-03
5.43676689e-03
5.06198313e-03
4.68715094e-03
4.31227591e-03
3.93735990e-03
3.56240710e-03
3.18742055e-03
2.81240419e-03
2.43736105e-03
2.06229533e-03
1.68720994e-03
1.31210883e-03
9.36995435e-04
5.61873137e-04
1.86745601e-04
-1.88383754e-04
-5.63511276e-04
-9.38633515e-04
-1.31374691e-03
-1.68884778e-03
-2.06393306e-03
-2.43899855e-03
-2.81404122e-03
-3.18905734e-03
-3.56404367e-03
-3.93899623e-03
-4.31391178e-03
-4.68878681e-03
-5.06361807e-03
-5.43840090e-03
-5.81313297e-03
-6.18781010e-03
-6.56242855e-03
-6.93698553e-03
-7.31147686e-03
-7.68589927e-03
-8.06024950e-03
-8.43452290e-03
-8.80871713e-03
-9.18282848e-03
-9.55685321e-03
-9.93078854e-03
-1.03046307e-02
-1.06783770e-02
-1.10520218e-02
-1.14255631e-02
-1.17989974e-02
-1.21723209e-02
-1.25455307e-02
-1.29186204e-02
-1.32915881e-02
-1.36644309e-02
-1.40371453e-02
-1.44097265e-02
-1.47821726e-02
-1.51544791e-02
-1.55266430e-02
-1.58986598e-02
-1.62705295e-02
-1.66422445e-02
-1.70138031e-02
-1.73852015e-02
-1.77564397e-02
-1.81275066e-02
-1.84984040e-02
-1.88691281e-02
-1.92396734e-02
-1.96100380e-02
-1.99802183e-02
-2.03502104e-02
-2.07200106e-02
-2.10896172e-02
-2.14590244e-02
-2.18282323e-02
-2.21972335e-02
-2.25660261e-02
-2.29346082e-02
-2.33029723e-02
-2.36711185e-02
-2.40390431e-02
-2.44067404e-02
-2.47742068e-02
-2.51414403e-02
-2.55084373e-02
-2.58751940e-02
-2.62417067e-02
-2.66079716e-02
-2.69739870e-02
-2.73397472e-02
-2.77052503e-02
-2.80704908e-02
-2.84354705e-02
-2.88001802e-02
-2.91646197e-02
-2.95287836e-02
-2.98926700e-02
-3.02562751e-02
-3.06195952e-02
-3.09826266e-02
-3.13453674e-02
-3.17078121e-02
-3.20699587e-02
-3.24318036e-02
-3.27933431e-02
-3.31545733e-02
-3.35154943e-02
-3.38760987e-02
-3.42363864e-02
-3.45963500e-02
-3.49559896e-02
-3.53152975e-02
-3.56742740e-02
-3.60329114e-02
-3.63912135e-02
-3.67491730e-02
-3.71067859e-02
-3.74640487e-02
-3.78209613e-02
-3.81775163e-02
-3.85337174e-02
-3.88895497e-02
-3.92450206e-02
-3.96001227e-02
-3.99548560e-02
-4.03092057e-02
-4.06631790e-02
-4.10167687e-02
-4.13699746e-02
-4.17227931e-02
-4.20752168e-02
-4.24272455e-02
-4.27788757e-02
-4.31301072e-02
-4.34809290e-02
-4.38313410e-02
-4.41813394e-02
-4.45309281e-02
-4.48800996e-02
-4.52288464e-02
-4.55771647e-02
-4.59250621e-02
-4.62725237e-02
-4.66195531e-02
-4.69661392e-02
-4.73122895e-02
-4.76579890e-02
-4.80032414e-02
-4.83480357e-02
-4.86923791e-02
-4.90362644e-02
-4.93796840e-02
-4.97226380e-02
-5.00651263e-02
-5.04071377e-02
-5.07486798e-02
-5.10897450e-02
-5.14303260e-02
-5.17704263e-02
-5.21100350e-02
-5.24491519e-02
-5.27877808e-02
-5.31259105e-02
-5.34635372e-02
-5.38006611e-02
-5.41372746e-02
-5.44733815e-02
-5.48089705e-02
-5.51440492e-02
-5.54786026e-02
-5.58126383e-02
-5.61461486e-02
-5.64791299e-02
-5.68115786e-02
-5.71434945e-02
-5.74748702e-02
-5.78057021e-02
-5.81359901e-02
-5.84657304e-02
-5.87949194e-02
-5.91235571e-02
-5.94516397e-02
-5.97791635e-02
-6.01061247e-02
-6.04325198e-02
-6.07583411e-02
-6.10835925e-02
-6.14082664e-02
-6.17323667e-02
-6.20558821e-02
-6.23788200e-02
-6.27011657e-02
-6.30229339e-02
-6.33440986e-02
-6.36646673e-02
-6.39846399e-02
-6.43040091e-02
-6.46227747e-02
-6.49409294e-02
-6.52584732e-02
-6.55754060e-02
-6.58917204e-02
-6.62074089e-02
-6.65224865e-02
-6.68369308e-02
-6.71507493e-02
-6.74639419e-02
-6.77764937e-02
-6.80884048e-02
-6.83996826e-02
-6.87103122e-02
-6.90202937e-02
-6.93296194e-02
-6.96383044e-02
-6.99463338e-02
-7.02537075e-02
-7.05604181e-02
-7.08664656e-02
-7.11718425e-02
-7.14765489e-02
-7.17805922e-02
-7.20839500e-02
-7.23866299e-02
-7.26886392e-02
-7.29899555e-02
-7.32905939e-02
-7.35905394e-02
-7.38897920e-02
-7.41883442e-02
-7.44861960e-02
-7.47833550e-02
-7.50797987e-02
-7.53755495e-02
-7.56705925e-02
-7.59649277e-02
-7.62585402e-02
-7.65514523e-02
-7.68436417e-02
-7.71351010e-02
-7.74258301e-02
-7.77158290e-02
-7.80051127e-02
-7.82936439e-02
-7.85814524e-02
-7.88685083e-02
-7.91548342e-02
-7.94404149e-02
-7.97252506e-02
-8.00093338e-02
-8.02926645e-02
-8.05752352e-02
-8.08570459e-02
-8.11381042e-02
-8.14183950e-02
-8.16979185e-02
-8.19766745e-02
-8.22546631e-02
-8.25318769e-02
-8.28083158e-02
-8.30839798e-02
-8.33588615e-02
-8.36329609e-02
-8.39062706e-02
-8.41787830e-02
-8.44505131e-02
-8.47214460e-02
-8.49915817e-02
-8.52609202e-02
-8.55294615e-02
-8.57971981e-02
-8.60641301e-02
-8.63302574e-02
-8.65955725e-02
-8.68600607e-02
-8.71237442e-02
-8.73865932e-02
-8.76486301e-02
-8.79098400e-02
-8.81702229e-02
-8.84297788e-02
-8.86884928e-02
-8.89463872e-02
-8.92034546e-02
-8.94596800e-02
-8.97150636e-02
-8.99695978e-02
-9.02232826e-02
-9.04761180e-02
-9.07281041e-02
-9.09792334e-02
-9.12295133e-02
-9.14789364e-02
-9.17275026e-02
-9.19752046e-02
-9.22220424e-02
-9.24680158e-02
-9.27131176e-02
-9.29573476e-02
-9.32007059e-02
-9.34431925e-02
-9.36847925e-02
-9.39255133e-02
-9.41653475e-02
-9.44042951e-02
-9.46423635e-02
-9.48795304e-02
-9.51158106e-02
-9.53511894e-02
-9.55856815e-02
-9.58192721e-02
-9.60519612e-02
-9.62837338e-02
-9.65146050e-02
-9.67445597e-02
-9.69735980e-02
-9.72017199e-02
-9.74289328e-02
-9.76552218e-02
-9.78805870e-02
-9.81050357e-02
-9.83285606e-02
-9.85511616e-02
-9.87728313e-02
-9.89935696e-02
-9.92133766e-02
-9.94322523e-02
-9.96501818e-02
-9.98671725e-02
-1.00083232e-01
-1.00298345e-01
-1.00512519e-01
-1.00725740e-01
-1.00938015e-01
-1.01149343e-01
-1.01359718e-01
-1.01569146e-01
-1.01777606e-01
-1.01985112e-01
-1.02191657e-01
-1.02397241e-01
-1.02601856e-01
-1.02805510e-01
-1.03008188e-01
-1.03209898e-01
-1.03410624e-01
-1.03610381e-01
-1.03809163e-01
-1.04006961e-01
-1.04203790e-01
-1.04399636e-01
-1.04594491e-01
-1.04788363e-01
-1.04981259e-01
-1.05173163e-01
-1.05364084e-01
-1.05554007e-01
-1.05742931e-01
-1.05930865e-01
-1.06117800e-01
-1.06303737e-01
-1.06488682e-01
-1.06672615e-01
-1.06855541e-01
-1.07037455e-01
-1.07218362e-01
-1.07398272e-01
-1.07577153e-01
-1.07755028e-01
-1.07931890e-01
-1.08107731e-01
-1.08282559e-01
-1.08456366e-01
-1.08629152e-01
-1.08800918e-01
-1.08971655e-01
-1.09141365e-01
-1.09310053e-01
-1.09477706e-01
-1.09644324e-01
-1.09809928e-01
-1.09974489e-01
-1.10138014e-01
-1.10300504e-01
-1.10461950e-01
-1.10622361e-01
-1.10781729e-01
-1.10940047e-01
-1.11097328e-01
-1.11253560e-01
-1.11408748e-01
-1.11562885e-01
-1.11715980e-01
-1.11868016e-01
-1.12019002e-01
-1.12168930e-01
-1.12317801e-01
-1.12465613e-01
-1.12612374e-01
-1.12758070e-01
-1.12902716e-01
-1.13046296e-01
-1.13188803e-01
-1.13330252e-01
-1.13470629e-01
-1.13609940e-01
-1.13748185e-01
-1.13885351e-01
-1.14021450e-01
-1.14156470e-01
-1.14290424e-01
-1.14423312e-01
-1.14555113e-01
-1.14685841e-01
-1.14815496e-01
-1.14944078e-01
-1.15071572e-01
-1.15197979e-01
-1.15323290e-01
-1.15447529e-01
-1.15570664e-01
-1.15692712e-01
-1.15813680e-01
-1.15933545e-01
-1.16052322e-01
-1.16170004e-01
-1.16286598e-01
-1.16402097e-01
-1.16516501e-01
-1.16629802e-01
-1.16742007e-01
-1.16853118e-01
-1.16963126e-01
-1.17072031e-01
-1.17179833e-01
-1.17286541e-01
-1.17392138e-01
-1.17496639e-01
-1.17600031e-01
-1.17702313e-01
-1.17803492e-01
-1.17903553e-01
-1.18002519e-01
-1.18100367e-01
-1.18197106e-01
-1.18292734e-01
-1.18387252e-01
-1.18480653e-01
-1.18572935e-01
-1.18664108e-01
-1.18754163e-01
-1.18843108e-01
-1.18930928e-01
-1.19017638e-01
-1.19103208e-01
-1.19187668e-01
-1.19271010e-01
-1.19353235e-01
-1.19434334e-01
-1.19514309e-01
-1.19593158e-01
-1.19670883e-01
-1.19747475e-01
-1.19822942e-01
-1.19897284e-01
-1.19970508e-01
-1.20042592e-01
-1.20113552e-01
-1.20183378e-01
-1.20252080e-01
-1.20319642e-01
-1.20386072e-01
-1.20451368e-01
-1.20515533e-01
-1.20578565e-01
-1.20640464e-01
-1.20701231e-01
-1.20760866e-01
-1.20819353e-01
-1.20876715e-01
-1.20932937e-01
-1.20988011e-01
-1.21041954e-01
-1.21094756e-01
-1.21146433e-01
-1.21196963e-01
-1.21246345e-01
-1.21294595e-01
-1.21341698e-01
-1.21387661e-01
-1.21432476e-01
-1.21476151e-01
-1.21518686e-01
-1.21560074e-01
-1.21600322e-01
-1.21639423e-01
-1.21677376e-01
-1.21714175e-01
-1.21749841e-01
-1.21784359e-01
-1.21817730e-01
-1.21849954e-01
-1.21881023e-01
-1.21910952e-01
-1.21939734e-01
-1.21967360e-01
-1.21993847e-01
-1.22019179e-01
-1.22043371e-01
-1.22066408e-01
-1.22088283e-01
-1.22109026e-01
-1.22128613e-01
-1.22147053e-01
-1.22164346e-01
-1.22180484e-01
-1.22195467e-01
-1.22209311e-01
-1.22221991e-01
-1.22233517e-01
-1.22243904e-01
-1.22253142e-01
-1.22261226e-01
-1.22268140e-01
-1.22273907e-01
-1.22278519e-01
-1.22281976e-01
-1.22284271e-01
-1.22285411e-01
-1.22285381e-01
-1.22284196e-01
-1.22281849e-01
-1.22278355e-01
-1.22273706e-01
-1.22267894e-01
-1.22260936e-01
-1.22252829e-01
-1.22243576e-01
-1.22233167e-01
-1.22221611e-01
-1.22208901e-01
-1.22195043e-01
-1.22180037e-01
-1.22163884e-01
-1.22146577e-01
-1.22128129e-01
-1.22108519e-01
-1.22087769e-01
-1.22065865e-01
-1.22042805e-01
-1.22018605e-01
-1.21993259e-01
-1.21966764e-01
-1.21939115e-01
-1.21910334e-01
-1.21880382e-01
-1.21849298e-01
-1.21817067e-01
-1.21783681e-01
-1.21749155e-01
-1.21713482e-01
-1.21676661e-01
-1.21638693e-01
-1.21599577e-01
-1.21559322e-01
-1.21517926e-01
-1.21475384e-01
-1.21431701e-01
-1.21386878e-01
-1.21340908e-01
-1.21293798e-01
-1.21245541e-01
-1.21196151e-01
-1.21145613e-01
-1.21093944e-01
-1.21041127e-01
-1.20987177e-01
-1.20932095e-01
-1.20875865e-01
-1.20818511e-01
-1.20760016e-01
-1.20700382e-01
-1.20639607e-01
-1.20577693e-01
-1.20514654e-01
-1.20450474e-01
-1.20385170e-01
-1.20318726e-01
-1.20251149e-01
-1.20182447e-01
-1.20112613e-01
-1.20041646e-01
-1.19969547e-01
-1.19896322e-01
-1.19821966e-01
-1.19746499e-01
-1.19669884e-01
-1.19592153e-01
-1.19513296e-01
-1.19433314e-01
-1.19352207e-01
-1.19269982e-01
-1.19186632e-01
-1.19102150e-01
-1.19016558e-01
-1.18929848e-01
-1.18842021e-01
-1.18753083e-01
-1.18663028e-01
-1.18571855e-01
-1.18479565e-01
-1.18386157e-01
-1.18291639e-01
-1.18196003e-01
-1.18099257e-01
-1.18001394e-01
-1.17902428e-01
-1.17802352e-01
-1.17701165e-01
-1.17598869e-01
-1.17495477e-01
-1.17390975e-01
-1.17285363e-01
-1.17178656e-01
-1.17070839e-01
-1.16961919e-01
-1.16851903e-01
-1.16740800e-01
-1.16628580e-01
-1.16515271e-01
-1.16400860e-01
-1.16285361e-01
-1.16168752e-01
-1.16051063e-01
-1.15932271e-01
-1.15812384e-01
-1.15691416e-01
-1.15569361e-01
-1.15446202e-01
-1.15321957e-01
-1.15196623e-01
-1.15070201e-01
-1.14942707e-01
-1.14814125e-01
-1.14684455e-01
-1.14553712e-01
-1.14421897e-01
-1.14289008e-01
-1.14155047e-01
-1.14020012e-01
-1.13883898e-01
-1.13746725e-01
-1.13608479e-01
-1.13469161e-01
-1.13328777e-01
-1.13187335e-01
-1.13044821e-01
-1.12901248e-01
-1.12756602e-01
-1.12610899e-01
-1.12464137e-01
-1.12316310e-01
-1.12167425e-01
-1.12017490e-01
-1.11866504e-01
-1.11714460e-01
-1.11561373e-01
-1.11407228e-01
-1.11252040e-01
-1.11095794e-01
-1.10938504e-01
-1.10780172e-01
-1.10620804e-01
-1.10460393e-01
-1.10298939e-01
-1.10136449e-01
-1.09972917e-01
-1.09808356e-01
-1.09642744e-01
-1.09476112e-01
-1.09308444e-01
-1.09139763e-01
-1.08970046e-01
-1.08799301e-01
-1.08627528e-01
-1.08454742e-01
-1.08280927e-01
-1.08106092e-01
-1.07930236e-01
-1.07753359e-01
-1.07575484e-01
-1.07396580e-01
-1.07216671e-01
-1.07035756e-01
-1.06853828e-01
-1.06670894e-01
-1.06486954e-01
-1.06302015e-01
-1.06116071e-01
-1.05929129e-01
-1.05741188e-01
-1.05552256e-01
-1.05362326e-01
-1.05171405e-01
-1.04979485e-01
-1.04786590e-01
-1.04592696e-01
-1.04397833e-01
-1.04201987e-01
-1.04005158e-01
-1.03807345e-01
-1.03608556e-01
-1.03408791e-01
-1.03208058e-01
-1.03006348e-01
-1.02803670e-01
-1.02600016e-01
-1.02395393e-01
-1.02189787e-01
-1.01983227e-01
-1.01775706e-01
-1.01567239e-01
-1.01357810e-01
-1.01147436e-01
-1.00936107e-01
-1.00723825e-01
-1.00510605e-01
-1.00296430e-01
-1.00081317e-01
-9.98652503e-02
-9.96482521e-02
-9.94303077e-02
-9.92114320e-02
-9.89916176e-02
-9.87708718e-02
-9.85491946e-02
-9.83265936e-02
-9.81030539e-02
-9.78785977e-02
-9.76532176e-02
-9.74269211e-02
-9.71997008e-02
-9.69715640e-02
-9.67425257e-02
-9.65125635e-02
-9.62816924e-02
-9.60499123e-02
-9.58172232e-02
-9.55836251e-02
-9.53491330e-02
-9.51137468e-02
-9.48774666e-02
-9.46402997e-02
-9.44022387e-02
-9.41632912e-02
-9.39234495e-02
-9.36827362e-02
-9.34411287e-02
-9.31986421e-02
-9.29552838e-02
-9.27110463e-02
-9.24659371e-02
-9.22199637e-02
-9.19731334e-02
-9.17254314e-02
-9.14768726e-02
-9.12274495e-02
-9.09771696e-02
-9.07260329e-02
-9.04740393e-02
-9.02212039e-02
-8.99675116e-02
-8.97129774e-02
-8.94575939e-02
-8.92013684e-02
-8.89443085e-02
-8.86864141e-02
-8.84276852e-02
-8.81681219e-02
-8.79077390e-02
-8.76465216e-02
-8.73844847e-02
-8.71216282e-02
-8.68579447e-02
-8.65934491e-02
-8.63281414e-02
-8.60620141e-02
-8.57950822e-02
-8.55273455e-02
-8.52588043e-02
-8.49894732e-02
-8.47193301e-02
-8.44483972e-02
-8.41766670e-02
-8.39041471e-02
-8.36308375e-02
-8.33567381e-02
-8.30818489e-02
-8.28061849e-02
-8.25297460e-02
-8.22525248e-02
-8.19745362e-02
-8.16957876e-02
-8.14162567e-02
-8.11359659e-02
-8.08549076e-02
-8.05730894e-02
-8.02905187e-02
-8.00071880e-02
-7.97231048e-02
-7.94382766e-02
-7.91526958e-02
-7.88663775e-02
-7.85793215e-02
-7.82915279e-02
-7.80029893e-02
-7.77137205e-02
-7.74237067e-02
-7.71329701e-02
-7.68415034e-02
-7.65493065e-02
-7.62563869e-02
-7.59627670e-02
-7.56684467e-02
-7.53734037e-02
-7.50776604e-02
-7.47812092e-02
-7.44840503e-02
-7.41861910e-02
-7.38876387e-02
-7.35883862e-02
-7.32884407e-02
-7.29878098e-02
-7.26864859e-02
-7.23844841e-02
-7.20818043e-02
-7.17784464e-02
-7.14744180e-02
-7.11697116e-02
-7.08643347e-02
-7.05582872e-02
-7.02515841e-02
-6.99442178e-02
-6.96361884e-02
-6.93275109e-02
-6.90181851e-02
-6.87081963e-02
-6.83975667e-02
-6.80862963e-02
-6.77743852e-02
-6.74618334e-02
-6.71486482e-02
-6.68348297e-02
-6.65203854e-02
-6.62053153e-02
-6.58896267e-02
-6.55733198e-02
-6.52563870e-02
-6.49388507e-02
-6.46207035e-02
-6.43019453e-02
-6.39825761e-02
-6.36626035e-02
-6.33420348e-02
-6.30208701e-02
-6.26991168e-02
-6.23767786e-02
-6.20538481e-02
-6.17303327e-02
-6.14062399e-02
-6.10815622e-02
-6.07563145e-02
-6.04304969e-02
-6.01041056e-02
-5.97771518e-02
-5.94496354e-02
-5.91215603e-02
-5.87929226e-02
-5.84637411e-02
-5.81340045e-02
-5.78037202e-02
-5.74728884e-02
-5.71415126e-02
-5.68096004e-02
-5.64771555e-02
-5.61441854e-02
-5.58106788e-02
-5.54766469e-02
-5.51420972e-02
-5.48070259e-02
-5.44714369e-02
-5.41353337e-02
-5.37987202e-02
-5.34616038e-02
-5.31239845e-02
-5.27858660e-02
-5.24472445e-02
-5.21081313e-02
-5.17685227e-02
-5.14284298e-02
-5.10878563e-02
-5.07467985e-02
-5.04052639e-02
-5.00632487e-02
-4.97207679e-02
-4.93778177e-02
-4.90344018e-02
-4.86905240e-02
-4.83461842e-02
-4.80013937e-02
-4.76561487e-02
-4.73104566e-02
-4.69643176e-02
-4.66177389e-02
-4.62707169e-02
-4.59232628e-02
-4.55753766e-02
-4.52270620e-02
-4.48783226e-02
-4.45291586e-02
-4.41795774e-02
-4.38295789e-02
-4.34791707e-02
-4.31283526e-02
-4.27771322e-02
-4.24255095e-02
-4.20734845e-02
-4.17210683e-02
-4.13682535e-02
-4.10150550e-02
-4.06614691e-02
-4.03075032e-02
-3.99531536e-02
-3.95984314e-02
-3.92433368e-02
-3.88878733e-02
-3.85320447e-02
-3.81758511e-02
-3.78193036e-02
-3.74623947e-02
-3.71051393e-02
-3.67475301e-02
-3.63895744e-02
-3.60312797e-02
-3.56726423e-02
-3.53136733e-02
-3.49543728e-02
-3.45947444e-02
-3.42347845e-02
-3.38745043e-02
-3.35139073e-02
-3.31529938e-02
-3.27917710e-02
-3.24302353e-02
-3.20683978e-02
-3.17062549e-02
-3.13438177e-02
-3.09810862e-02
-3.06180641e-02
-3.02547514e-02
-2.98911538e-02
-2.95272768e-02
-2.91631222e-02
-2.87986919e-02
-2.84339916e-02
-2.80690230e-02
-2.77037881e-02
-2.73382924e-02
-2.69725397e-02
-2.66065337e-02
-2.62402780e-02
-2.58737747e-02
-2.55070273e-02
-2.51400378e-02
-2.47728135e-02
-2.44053546e-02
-2.40376648e-02
-2.36697495e-02
-2.33016107e-02
-2.29332522e-02
-2.25646794e-02
-2.21958943e-02
-2.18269005e-02
-2.14577019e-02
-2.10883021e-02
-2.07187030e-02
-2.03489102e-02
-1.99789256e-02
-1.96087528e-02
-1.92383938e-02
-1.88678559e-02
-1.84971411e-02
-1.81262493e-02
-1.77551899e-02
-1.73839610e-02
-1.70125719e-02
-1.66410208e-02
-1.62693150e-02
-1.58974547e-02
-1.55254463e-02
-1.51532916e-02
-1.47809936e-02
-1.44085567e-02
-1.40359830e-02
-1.36632780e-02
-1.32904435e-02
-1.29174851e-02
-1.25444038e-02
-1.21712042e-02
-1.17978901e-02
-1.14244651e-02
-1.10509330e-02
-1.06772967e-02
-1.03035588e-02
-9.92972590e-03
-9.55579989e-03
-9.18178353e-03
-8.80768150e-03
-8.43349658e-03
-8.05923156e-03
-7.68489018e-03
-7.31047662e-03
-6.93599461e-03
-6.56144693e-03
-6.18683780e-03
-5.81216998e-03
-5.43744722e-03
-5.06267324e-03
-4.68785176e-03
-4.31298558e-03
-3.93807935e-03
-3.56313610e-03
-3.18815932e-03
-2.81315227e-03
-2.43811891e-03
-2.06306251e-03
-1.68798678e-03
-1.31289498e-03
-9.37791017e-04
-5.62678149e-04
-1.87559985e-04
1.87559985e-04
5.62678149e-04
