-4.45550715e-04
-1.48517371e-04
1.48517371e-04
4.45550715e-04
7.42579869e-04
1.03960210e-03
1.33661448e-03
1.63361442e-03
1.93059898e-03
2.22756527e-03
2.52451072e-03
2.82143243e-03
3.11832735e-03
3.41519341e-03
3.71202710e-03
4.00882587e-03
4.30558668e-03
4.60230699e-03
4.89898352e-03
5.19561442e-03
5.49219642e-03
5.78872627e-03
6.08520210e-03
6.38162065e-03
6.67797914e-03
6.97427476e-03
7.27050472e-03
7.56666576e-03
7.86275696e-03
8.15877225e-03
8.45471211e-03
8.75057187e-03
9.04634967e-03
9.34204273e-03
9.63764731e-03
9.93316155e-03
1.02285827e-02
1.05239069e-02
1.08191324e-02
1.11142555e-02
1.14092752e-02
1.17041869e-02
1.19989887e-02
1.22936778e-02
1.25882505e-02
1.28827048e-02
1.31770391e-02
1.34712467e-02
1.37653286e-02
1.40592810e-02
1.43531011e-02
1.46467853e-02
1.49403326e-02
1.52337374e-02
1.55270007e-02
1.58201177e-02
1.61130857e-02
1.64059028e-02
1.66985653e-02
1.69910714e-02
1.72834173e-02
1.75755993e-02
1.78676173e-02
1.81594659e-02
1.84511449e-02
1.87426489e-02
1.90339778e-02
1.93251278e-02
1.96160953e-02
1.99068803e-02
2.01974791e-02
2.04878859e-02
2.07780991e-02
2.10681185e-02
2.13579368e-02
2.16475576e-02
2.19369736e-02
2.22261809e-02
2.25151833e-02
2.28039715e-02
2.30925456e-02
2.33809035e-02
2.36690417e-02
2.39569582e-02
2.42446493e-02
2.45321095e-02
2.48193406e-02
2.51063369e-02
2.53930967e-02
2.56796181e-02
2.59658992e-02
2.62519345e-02
2.65377220e-02
2.68232580e-02
2.71085426e-02
2.73935720e-02
2.76783444e-02
2.79628541e-02
2.82470994e-02
2.85310820e-02
2.88147945e-02
2.90982351e-02
2.93814018e-02
2.96642892e-02
2.99469009e-02
3.02292276e-02
3.05112731e-02
3.07930298e-02
3.10744960e-02
3.13556716e-02
3.16365547e-02
3.19171399e-02
3.21974233e-02
3.24774012e-02
3.27570774e-02
3.30364406e-02
3.33154984e-02
3.35942395e-02
3.38726640e-02
3.41507718e-02
3.44285555e-02
3.47060151e-02
3.49831507e-02
3.52599584e-02
3.55364345e-02
3.58125754e-02
3.60883772e-02
3.63638438e-02
3.66389677e-02
3.69137488e-02
3.71881798e-02
3.74622606e-02
3.77359912e-02
3.80093604e-02
3.82823795e-02
3.85550410e-02
3.88273373e-02
3.90992649e-02
3.93708274e-02
3.96420173e-02
3.99128348e-02
4.01832797e-02
4.04533409e-02
4.07230258e-02
4.09923270e-02
4.12612446e-02
4.15297747e-02
4.17979099e-02
4.20656577e-02
4.23330031e-02
4.25999537e-02
4.28665020e-02
4.31326479e-02
4.33983877e-02
4.36637253e-02
4.39286493e-02
4.41931598e-02
4.44572568e-02
4.47209403e-02
4.49841991e-02
4.52470332e-02
4.55094390e-02
4.57714237e-02
4.60329726e-02
4.62940931e-02
4.65547740e-02
4.68150228e-02
4.70748283e-02
4.73341905e-02
4.75931093e-02
4.78515811e-02
4.81096022e-02
4.83671688e-02
4.86242734e-02
4.88809273e-02
4.91371155e-02
4.93928380e-02
4.96480986e-02
4.99028899e-02
5.01572117e-02
5.04110567e-02
5.06644361e-02
5.09173386e-02
5.11697605e-02
5.14216982e-02
5.16731516e-02
5.19241132e-02
5.21745868e-02
5.24245724e-02
5.26740663e-02
5.29230610e-02
5.31715564e-02
5.34195527e-02
5.36670424e-02
5.39140254e-02
5.41605055e-02
5.44064678e-02
5.46519272e-02
5.48968650e-02
5.51412888e-02
5.53851984e-02
5.56285791e-02
5.58714382e-02
5.61137684e-02
5.63555732e-02
5.65968454e-02
5.68375848e-02
5.70777915e-02
5.73174618e-02
5.75565919e-02
5.77951819e-02
5.80332242e-02
5.82707189e-02
5.85076660e-02
5.87440617e-02
5.89799061e-02
5.92151918e-02
5.94499260e-02
5.96840978e-02
5.99177070e-02
6.01507500e-02
6.03832304e-02
6.06151372e-02
6.08464777e-02
6.10772483e-02
6.13074414e-02
6.15370534e-02
6.17660880e-02
6.19945414e-02
6.22224100e-02
6.24496900e-02
6.26763925e-02
6.29025027e-02
6.31280243e-02
6.33529499e-02
6.35772869e-02
6.38010204e-02
6.40241578e-02
6.42466918e-02
6.44686148e-02
6.46899343e-02
6.49106503e-02
6.51307479e-02
6.53502271e-02
6.55691028e-02
6.57873526e-02
6.60049915e-02
6.62220046e-02
6.64383993e-02
6.66541755e-02
6.68693185e-02
6.70838356e-02
6.72977269e-02
6.75109848e-02
6.77236021e-02
6.79355785e-02
6.81469217e-02
6.83576167e-02
6.85676709e-02
6.87770769e-02
6.89858422e-02
6.91939518e-02
6.94014207e-02
6.96082264e-02
6.98143840e-02
7.00198859e-02
7.02247322e-02
7.04289153e-02
7.06324354e-02
7.08352923e-02
7.10374787e-02
7.12389946e-02
7.14398399e-02
7.16400072e-02
7.18395114e-02
7.20383301e-02
7.22364858e-02
7.24339560e-02
7.26307407e-02
7.28268474e-02
7.30222687e-02
7.32170045e-02
7.34110549e-02
7.36044198e-02
7.37970918e-02
7.39890635e-02
7.41803348e-02
7.43708983e-02
7.45607764e-02
7.47499466e-02
7.49384165e-02
7.51261860e-02
7.53132403e-02
7.54995942e-02
7.56852329e-02
7.58701637e-02
7.60543942e-02
7.62379169e-02
7.64207244e-02
7.66028240e-02
7.67842010e-02
7.69648477e-02
7.71447569e-02
7.73239434e-02
7.75023922e-02
7.76801109e-02
7.78570920e-02
7.80333504e-02
7.82088637e-02
7.83836469e-02
7.85576999e-02
7.87310079e-02
7.89035708e-02
7.90753961e-02
7.92464763e-02
7.94168189e-02
7.95864165e-02
7.97552690e-02
7.99233690e-02
8.00907165e-02
8.02573115e-02
8.04231465e-02
8.05882290e-02
8.07525441e-02
8.09161142e-02
8.10789093e-02
8.12409446e-02
8.14022198e-02
8.15627277e-02
8.17224681e-02
8.18814412e-02
8.20396468e-02
8.21970776e-02
8.23537335e-02
8.25096220e-02
8.26647356e-02
8.28190744e-02
8.29726383e-02
8.31254199e-02
8.32774192e-02
8.34286362e-02
8.35790634e-02
8.37287009e-02
8.38775486e-02
8.40256065e-02
8.41728747e-02
8.43193531e-02
8.44650343e-02
8.46099257e-02
8.47540200e-02
8.48973170e-02
8.50398168e-02
8.51815194e-02
8.53224173e-02
8.54625255e-02
8.56018215e-02
8.57403129e-02
8.58780071e-02
8.60148966e-02
8.61509815e-02
8.62862542e-02
8.64207074e-02
8.65543559e-02
8.66871774e-02
8.68191794e-02
8.69503692e-02
8.70807394e-02
8.72102827e-02
8.73390138e-02
8.74669179e-02
8.75939950e-02
8.77202600e-02
8.78456905e-02
8.79702941e-02
8.80940780e-02
8.82170424e-02
8.83391649e-02
8.84604603e-02
8.85809287e-02
8.87005627e-02
8.88193697e-02
8.89373422e-02
8.90544802e-02
8.91707838e-02
8.92862529e-02
8.94008800e-02
8.95146728e-02
8.96276161e-02
8.97397101e-02
8.98509547e-02
8.99613500e-02
9.00708959e-02
9.01795924e-02
9.02874395e-02
9.03944373e-02
9.05005857e-02
9.06058848e-02
9.07103270e-02
9.08139199e-02
9.09166634e-02
9.10185501e-02
9.11195874e-02
9.12197605e-02
9.13190767e-02
9.14175361e-02
9.15151387e-02
9.16118845e-02
9.17077586e-02
9.18027833e-02
9.18969363e-02
9.19902325e-02
9.20826644e-02
9.21742246e-02
9.22649205e-02
9.23547521e-02
9.24437195e-02
9.25318226e-02
9.26190540e-02
9.27054211e-02
9.27909166e-02
9.28755328e-02
9.29592699e-02
9.30421352e-02
9.31241289e-02
9.32052433e-02
9.32854787e-02
9.33648348e-02
9.34433118e-02
9.35209170e-02
9.35976356e-02
9.36734676e-02
9.37484205e-02
9.38225016e-02
9.38956887e-02
9.39679965e-02
9.40394178e-02
9.41099524e-02
9.41796005e-02
9.42483619e-02
9.43162367e-02
9.43832248e-02
9.44493264e-02
9.45145339e-02
9.45788547e-02
9.46422815e-02
9.47048217e-02
9.47664678e-02
9.48272124e-02
9.48870629e-02
9.49460194e-02
9.50040892e-02
9.50612575e-02
9.51175317e-02
9.51729044e-02
9.52273905e-02
9.52809751e-02
9.53336656e-02
9.53854546e-02
9.54363495e-02
9.54863504e-02
9.55354571e-02
9.55836698e-02
9.56309885e-02
9.56774056e-02
9.57229286e-02
9.57675427e-02
9.58112478e-02
9.58540440e-02
9.58959237e-02
9.59368944e-02
9.59769636e-02
9.60161239e-02
9.60543677e-02
9.60917026e-02
9.61281210e-02
9.61636305e-02
9.61982310e-02
9.62319225e-02
9.62647125e-02
9.62965935e-02
9.63275582e-02
9.63576138e-02
9.63867679e-02
9.64150056e-02
9.64423418e-02
9.64687616e-02
9.64942724e-02
9.65188742e-02
9.65425521e-02
9.65653285e-02
9.65871960e-02
9.66081470e-02
9.66281965e-02
9.66473371e-02
9.66655612e-02
9.66828763e-02
9.66992751e-02
9.67147648e-02
9.67293382e-02
9.67430100e-02
9.67557579e-02
9.67675969e-02
9.67785344e-02
9.67885479e-02
9.67976600e-02
9.68058556e-02
9.68131423e-02
9.68195125e-02
9.68249738e-02
9.68295261e-02
9.68331695e-02
9.68358964e-02
9.68377069e-02
9.68386084e-02
9.68385935e-02
9.68376696e-02
9.68358368e-02
9.68330950e-02
9.68294367e-02
9.68248695e-02
9.68193859e-02
9.68129858e-02
9.68056843e-02
9.67974663e-02
9.67883468e-02
9.67782959e-02
9.67673436e-02
9.67554748e-02
9.67427045e-02
9.67290178e-02
9.67144147e-02
9.66989100e-02
9.66824889e-02
9.66651663e-02
9.66469273e-02
9.66277719e-02
9.66077000e-02
9.65867192e-02
9.65648293e-02
9.65420306e-02
9.65183228e-02
9.64937061e-02
9.64681730e-02
9.64417234e-02
9.64143723e-02
9.63861123e-02
9.63569432e-02
9.63268653e-02
9.62958708e-02
9.62639749e-02
9.62311625e-02
9.61974487e-02
9.61628109e-02
9.61272717e-02
9.60908309e-02
9.60534737e-02
9.60152149e-02
9.59760398e-02
9.59359556e-02
9.58949625e-02
9.58530605e-02
9.58102569e-02
9.57665443e-02
9.57219079e-02
9.56763625e-02
9.56299156e-02
9.55825746e-02
9.55343395e-02
9.54852104e-02
9.54351872e-02
9.53842700e-02
9.53324586e-02
9.52797532e-02
9.52261537e-02
9.51716602e-02
9.51162726e-02
9.50599909e-02
9.50028151e-02
9.49447453e-02
9.48857814e-02
9.48259234e-02
9.47651789e-02
9.47035402e-02
9.46410149e-02
9.45775881e-02
9.45132822e-02
9.44480747e-02
9.43819806e-02
9.43149924e-02
9.42471251e-02
9.41783711e-02
9.41087231e-02
9.40381885e-02
9.39667746e-02
9.38944668e-02
9.38212797e-02
9.37472060e-02
9.36722457e-02
9.35964063e-02
9.35196802e-02
9.34420899e-02
9.33636129e-02
9.32842493e-02
9.32040140e-02
9.31228995e-02
9.30409059e-02
9.29580405e-02
9.28742960e-02
9.27896798e-02
9.27041918e-02
9.26178247e-02
9.25305933e-02
9.24424902e-02
9.23535153e-02
9.22636762e-02
9.21729803e-02
9.20814127e-02
9.19889808e-02
9.18956846e-02
9.18015316e-02
9.17065144e-02
9.16106403e-02
9.15139019e-02
9.14162919e-02
9.13178325e-02
9.12185088e-02
9.11183357e-02
9.10172984e-02
9.09154117e-02
9.08126682e-02
9.07090679e-02
9.06046182e-02
9.04993191e-02
9.03931633e-02
9.02861580e-02
9.01783109e-02
9.00696144e-02
8.99600685e-02
8.98496732e-02
8.97384286e-02
8.96263346e-02
8.95133913e-02
8.93996060e-02
8.92849714e-02
8.91695023e-02
8.90531987e-02
8.89360532e-02
8.88180807e-02
8.86992663e-02
8.85796323e-02
8.84591639e-02
8.83378610e-02
8.82157311e-02
8.80927667e-02
8.79689828e-02
8.78443643e-02
8.77189264e-02
8.75926614e-02
8.74655694e-02
8.73376578e-02
8.72089267e-02
8.70793685e-02
8.69489983e-02
8.68178010e-02
8.66857916e-02
8.65529701e-02
8.64193290e-02
8.62848684e-02
8.61495957e-02
8.60135108e-02
8.58766288e-02
8.57389346e-02
8.56004283e-02
8.54611322e-02
8.53210241e-02
8.51801187e-02
8.50384086e-02
8.48959088e-02
8.47526044e-02
8.46085027e-02
8.44636038e-02
8.43179151e-02
8.41714293e-02
8.40241611e-02
8.38760957e-02
8.37272406e-02
8.35775957e-02
8.34271610e-02
8.32759440e-02
8.31239447e-02
8.29711556e-02
8.28175917e-02
8.26632529e-02
8.25081319e-02
8.23522359e-02
8.21955726e-02
8.20381343e-02
8.18799287e-02
8.17209557e-02
8.15612078e-02
8.14006999e-02
8.12394172e-02
8.10773820e-02
8.09145793e-02
8.07510167e-02
8.05866942e-02
8.04216117e-02
8.02557692e-02
8.00891668e-02
7.99218118e-02
7.97537044e-02
7.95848519e-02
7.94152543e-02
7.92449117e-02
7.90738240e-02
7.89019987e-02
7.87294284e-02
7.85561204e-02
7.83820748e-02
7.82072842e-02
7.80317634e-02
7.78555050e-02
7.76785165e-02
7.75007904e-02
7.73223341e-02
7.71431401e-02
7.69632235e-02
7.67825693e-02
7.66011998e-02
7.64191002e-02
7.62362927e-02
7.60527775e-02
7.58685470e-02
7.56836161e-02
7.54979625e-02
7.53116086e-02
7.51245469e-02
7.49367699e-02
7.47483075e-02
7.45591372e-02
7.43692666e-02
7.41786957e-02
7.39874169e-02
7.37954453e-02
7.36027732e-02
7.34094158e-02
7.32153654e-02
7.30206296e-02
7.28252083e-02
7.26291016e-02
7.24323094e-02
7.22348467e-02
7.20366910e-02
7.18378648e-02
7.16383681e-02
7.14382008e-02
7.12373629e-02
7.10358396e-02
7.08336532e-02
7.06308037e-02
7.04272836e-02
7.02231005e-02
7.00182617e-02
6.98127598e-02
6.96066096e-02
6.93997964e-02
6.91923350e-02
6.89842179e-02
6.87754527e-02
6.85660467e-02
6.83559924e-02
6.81452975e-02
6.79339543e-02
6.77219778e-02
6.75093606e-02
6.72961101e-02
6.70822188e-02
6.68677017e-02
6.66525513e-02
6.64367750e-02
6.62203878e-02
6.60033748e-02
6.57857433e-02
6.55674934e-02
6.53486252e-02
6.51291385e-02
6.49090484e-02
6.46883398e-02
6.44670278e-02
6.42451048e-02
6.40225708e-02
6.37994260e-02
6.35756850e-02
6.33513555e-02
6.31264299e-02
6.29009157e-02
6.26748055e-02
6.24481030e-02
6.22208156e-02
6.19929433e-02
6.17644861e-02
6.15354516e-02
6.13058358e-02
6.10756464e-02
6.08448796e-02
6.06135465e-02
6.03816360e-02
6.01491556e-02
5.99161088e-02
5.96824959e-02
5.94483241e-02
5.92135973e-02
5.89783080e-02
5.87424636e-02
5.85060678e-02
5.82691208e-02
5.80316260e-02
5.77935837e-02
5.75549975e-02
5.73158674e-02
5.70762008e-02
5.68359978e-02
5.65952584e-02
5.63539863e-02
5.61121814e-02
5.58698475e-02
5.56269921e-02
5.53836152e-02
5.51397093e-02
5.48952855e-02
5.46503440e-02
5.44048883e-02
5.41589186e-02
5.39124422e-02
5.36654592e-02
5.34179695e-02
5.31699806e-02
5.29214889e-02
5.26724942e-02
5.24230041e-02
5.21730222e-02
5.19225523e-02
5.16715869e-02
5.14201410e-02
5.11682071e-02
5.09157889e-02
5.06628938e-02
5.04095219e-02
5.01556732e-02
4.99013513e-02
4.96465638e-02
4.93913069e-02
4.91355844e-02
4.88793999e-02
4.86227535e-02
4.83656488e-02
4.81080860e-02
4.78500724e-02
4.75916043e-02
4.73326929e-02
4.70733382e-02
4.68135364e-02
4.65532914e-02
4.62926105e-02
4.60314974e-02
4.57699485e-02
4.55079675e-02
4.52455655e-02
4.49827351e-02
4.47194800e-02
4.44558039e-02
4.41917107e-02
4.39272039e-02
4.36622798e-02
4.33969498e-02
4.31312136e-02
4.28650677e-02
4.25985195e-02
4.23315726e-02
4.20642272e-02
4.17964868e-02
4.15283516e-02
4.12598215e-02
4.09909077e-02
4.07216065e-02
4.04519290e-02
4.01818678e-02
3.99114303e-02
3.96406166e-02
3.93694267e-02
3.90978679e-02
3.88259441e-02
3.85536551e-02
3.82810012e-02
3.80079858e-02
3.77346128e-02
3.74608897e-02
3.71868126e-02
3.69123854e-02
3.66376154e-02
3.63624990e-02
3.60870399e-02
3.58112417e-02
3.55351083e-02
3.52586359e-02
3.49818394e-02
3.47047076e-02
3.44272517e-02
3.41494679e-02
3.38713676e-02
3.35929468e-02
3.33142132e-02
3.30351628e-02
3.27558033e-02
3.24761346e-02
3.21961604e-02
3.19158807e-02
3.16352993e-02
3.13544236e-02
3.10732555e-02
3.07917949e-02
3.05100400e-02
3.02280020e-02
2.99456753e-02
2.96630692e-02
2.93801837e-02
2.90970244e-02
2.88135894e-02
2.85298824e-02
2.82459054e-02
2.79616658e-02
2.76771598e-02
2.73923948e-02
2.71073729e-02
2.68220939e-02
2.65365634e-02
2.62507834e-02
2.59647556e-02
2.56784819e-02
2.53919680e-02
2.51052156e-02
2.48182267e-02
2.45310012e-02
2.42435448e-02
2.39558630e-02
2.36679520e-02
2.33798195e-02
2.30914652e-02
2.28028949e-02
2.25141104e-02
2.22251154e-02
2.19359100e-02
2.16464996e-02
2.13568863e-02
2.10670717e-02
2.07770579e-02
2.04868503e-02
2.01964471e-02
1.99058577e-02
1.96150802e-02
1.93241183e-02
1.90329719e-02
1.87416505e-02
1.84501521e-02
1.81584805e-02
1.78666376e-02
1.75746251e-02
1.72824506e-02
1.69901103e-02
1.66976117e-02
1.64049566e-02
1.61121488e-02
1.58191882e-02
1.55260777e-02
1.52328219e-02
1.49394227e-02
1.46458829e-02
1.43522043e-02
1.40583906e-02
1.37644447e-02
1.34703703e-02
1.31761665e-02
1.28818396e-02
1.25873927e-02
1.22928256e-02
1.19981430e-02
1.17033478e-02
1.14084408e-02
1.11134276e-02
1.08183092e-02
1.05230901e-02
1.02277715e-02
9.93235689e-03
9.63684916e-03
9.34125111e-03
9.04556457e-03
8.74979328e-03
8.45394004e-03
8.15800671e-03
7.86199700e-03
7.56591326e-03
7.26975780e-03
6.97353389e-03
6.67724479e-03
6.38089236e-03
6.08448032e-03
5.78801055e-03
5.49148628e-03
5.19491080e-03
4.89828642e-03
4.60161595e-03
4.30490216e-03
4.00814740e-03
3.71135538e-03
3.41452798e-03
3.11766868e-03
2.82077980e-03
2.52386439e-03
2.22692546e-03
1.92996557e-03
1.63298764e-03
1.33599434e-03
1.03898835e-03
7.41972821e-04
4.44950187e-04
1.47923434e-04
-1.49104715e-04
-4.46131453e-04
-7.43154029e-04
-1.04016962e-03
-1.33717537e-03
-1.63416867e-03
-1.93114672e-03
-2.22810637e-03
-2.52504530e-03
-2.82196025e-03
-3.11884866e-03
-3.41570796e-03
-3.71253490e-03
-4.00932692e-03
-4.30608122e-03
-4.60279500e-03
-4.89946501e-03
-5.19608939e-03
-5.49266441e-03
-5.78918820e-03
-6.08565751e-03
-6.38207002e-03
-6.67842152e-03
-6.97471062e-03
-7.27093406e-03
-7.56708905e-03
-7.86317233e-03
-8.15918297e-03
-8.45511630e-03
-8.75096954e-03
-9.04674083e-03
-9.34242643e-03
-9.63802449e-03
-9.93353128e-03
-1.02289449e-02
-1.05242636e-02
-1.08194826e-02
-1.11145992e-02
-1.14096124e-02
-1.17045175e-02
-1.19993137e-02
-1.22939963e-02
-1.25885624e-02
-1.28830103e-02
-1.31773353e-02
-1.34715373e-02
-1.37656108e-02
-1.40595566e-02
-1.43533694e-02
-1.46470470e-02
-1.49405859e-02
-1.52339851e-02
-1.55272409e-02
-1.58203505e-02
-1.61133129e-02
-1.64061226e-02
-1.66987777e-02
-1.69912763e-02
-1.72836166e-02
-1.75757911e-02
-1.78678036e-02
-1.81596465e-02
-1.84513181e-02
-1.87428147e-02
-1.90341379e-02
-1.93252787e-02
-1.96162406e-02
-1.99070182e-02
-2.01976076e-02
-2.04880070e-02
-2.07782164e-02
-2.10682284e-02
-2.13580411e-02
-2.16476526e-02
-2.19370630e-02
-2.22262647e-02
-2.25152597e-02
-2.28040423e-02
-2.30926108e-02
-2.33809613e-02
-2.36690938e-02
-2.39570029e-02
-2.42446866e-02
-2.45321412e-02
-2.48193648e-02
-2.51063555e-02
-2.53931098e-02
-2.56796237e-02
-2.59658955e-02
-2.62519233e-02
-2.65377034e-02
-2.68232320e-02
-2.71085110e-02
-2.73935348e-02
-2.76782978e-02
-2.79628020e-02
-2.82470398e-02
-2.85310149e-02
-2.88147200e-02
-2.90981513e-02
-2.93813124e-02
-2.96641942e-02
-2.99467985e-02
-3.02291214e-02
-3.05111594e-02
-3.07929087e-02
-3.10743693e-02
-3.13555375e-02
-3.16364095e-02
-3.19169872e-02
-3.21972631e-02
-3.24772336e-02
-3.27569023e-02
-3.30362581e-02
-3.33153084e-02
-3.35940458e-02
-3.38724628e-02
-3.41505632e-02
-3.44283395e-02
-3.47057953e-02
-3.49829271e-02
-3.52597274e-02
-3.55361961e-02
-3.58123295e-02
-3.60881239e-02
-3.63635831e-02
-3.66386995e-02
-3.69134732e-02
-3.71878967e-02
-3.74619700e-02
-3.77356932e-02
-3.80090587e-02
-3.82820740e-02
-3.85547243e-02
-3.88270095e-02
-3.90989296e-02
-3.93704847e-02
-3.96416709e-02
-3.99124846e-02
-4.01829220e-02
-4.04529795e-02
-4.07226570e-02
-4.09919508e-02
-4.12608609e-02
-4.15293798e-02
-4.17975113e-02
-4.20652516e-02
-4.23325934e-02
-4.25995402e-02
-4.28660810e-02
-4.31322232e-02
-4.33979593e-02
-4.36632894e-02
-4.39282097e-02
-4.41927128e-02
-4.44568023e-02
-4.47204746e-02
-4.49837260e-02
-4.52465527e-02
-4.55089584e-02
-4.57709320e-02
-4.60324772e-02
-4.62935902e-02
-4.65542674e-02
-4.68145050e-02
-4.70743030e-02
-4.73336615e-02
-4.75925691e-02
-4.78510335e-02
-4.81090471e-02
-4.83666062e-02
-4.86237071e-02
-4.88803461e-02
-4.91365306e-02
-4.93922457e-02
-4.96475026e-02
-4.99022864e-02
-5.01566045e-02
-5.04104421e-02
-5.06638139e-02
-5.09167053e-02
-5.11691235e-02
-5.14210500e-02
-5.16725034e-02
-5.19234613e-02
-5.21739312e-02
-5.24239130e-02
-5.26733957e-02
-5.29223867e-02
-5.31708747e-02
-5.34188636e-02
-5.36663458e-02
-5.39133251e-02
-5.41597940e-02
-5.44057563e-02
-5.46512045e-02
-5.48961386e-02
-5.51405549e-02
-5.53844534e-02
-5.56278303e-02
-5.58706820e-02
-5.61130084e-02
-5.63548058e-02
-5.65960743e-02
-5.68368100e-02
-5.70770130e-02
-5.73166758e-02
-5.75557947e-02
-5.77943772e-02
-5.80324121e-02
-5.82699068e-02
-5.85068464e-02
-5.87432384e-02
-5.89790717e-02
-5.92143573e-02
-5.94490841e-02
-5.96832484e-02
-5.99168502e-02
-6.01498857e-02
-6.03823550e-02
-6.06142581e-02
-6.08455949e-02
-6.10763505e-02
-6.13065362e-02
-6.15361445e-02
-6.17651716e-02
-6.19936176e-02
-6.22214787e-02
-6.24487586e-02
-6.26754537e-02
-6.29015565e-02
-6.31270707e-02
-6.33519888e-02
-6.35763183e-02
-6.38000518e-02
-6.40231892e-02
-6.42457232e-02
-6.44676462e-02
-6.46889582e-02
-6.49096519e-02
-6.51297420e-02
-6.53492138e-02
-6.55680820e-02
-6.57863244e-02
-6.60039559e-02
-6.62209690e-02
-6.64373562e-02
-6.66531175e-02
-6.68682531e-02
-6.70827702e-02
-6.72966540e-02
-6.75099045e-02
-6.77225068e-02
-6.79344833e-02
-6.81458116e-02
-6.83564991e-02
-6.85665533e-02
-6.87759519e-02
-6.89847097e-02
-6.91928118e-02
-6.94002733e-02
-6.96070790e-02
-6.98132291e-02
-7.00187311e-02
-7.02235624e-02
-7.04277456e-02
-7.06312582e-02
-7.08341077e-02
-7.10362941e-02
-7.12378025e-02
-7.14386478e-02
-7.16388226e-02
-7.18383119e-02
-7.20371380e-02
-7.22352788e-02
-7.24327415e-02
-7.26295188e-02
-7.28256255e-02
-7.30210394e-02
-7.32157677e-02
-7.34098107e-02
-7.36031681e-02
-7.37958252e-02
-7.39877895e-02
-7.41790608e-02
-7.43696317e-02
-7.45594949e-02
-7.47486651e-02
-7.49371275e-02
-7.51248896e-02
-7.53119364e-02
-7.54982755e-02
-7.56839141e-02
-7.58688450e-02
-7.60530680e-02
-7.62365833e-02
-7.64193907e-02
-7.66014829e-02
-7.67828524e-02
-7.69634917e-02
-7.71434009e-02
-7.73225799e-02
-7.75010213e-02
-7.76787326e-02
-7.78557137e-02
-7.80319571e-02
-7.82074705e-02
-7.83822462e-02
-7.85562918e-02
-7.87295848e-02
-7.89021477e-02
-7.90739655e-02
-7.92450458e-02
-7.94153810e-02
-7.95849711e-02
-7.97538161e-02
-7.99219087e-02
-8.00892636e-02
-8.02558437e-02
-8.04216787e-02
-8.05867538e-02
-8.07510689e-02
-8.09146166e-02
-8.10774118e-02
-8.12394470e-02
-8.14007074e-02
-8.15612078e-02
-8.17209482e-02
-8.18799138e-02
-8.20381194e-02
-8.21955428e-02
-8.23521987e-02
-8.25080797e-02
-8.26631859e-02
-8.28175172e-02
-8.29710811e-02
-8.31238553e-02
-8.32758471e-02
-8.34270567e-02
-8.35774690e-02
-8.37271065e-02
-8.38759467e-02
-8.40239972e-02
-8.41712654e-02
-8.43177363e-02
-8.44634250e-02
-8.46083090e-02
-8.47523957e-02
-8.48956928e-02
-8.50381851e-02
-8.51798877e-02
-8.53207856e-02
-8.54608864e-02
-8.56001750e-02
-8.57386664e-02
-8.58763605e-02
-8.60132426e-02
-8.61493200e-02
-8.62845927e-02
-8.64190459e-02
-8.65526795e-02
-8.66855010e-02
-8.68175030e-02
-8.69486853e-02
-8.70790482e-02
-8.72085914e-02
-8.73373151e-02
-8.74652117e-02
-8.75922889e-02
-8.77185464e-02
-8.78439769e-02
-8.79685730e-02
-8.80923569e-02
-8.82153064e-02
-8.83374289e-02
-8.84587243e-02
-8.85791928e-02
-8.86988267e-02
-8.88176262e-02
-8.89355913e-02
-8.90527219e-02
-8.91690254e-02
-8.92844945e-02
-8.93991292e-02
-8.95129144e-02
-8.96258578e-02
-8.97379518e-02
-8.98491889e-02
-8.99595767e-02
-9.00691226e-02
-9.01778117e-02
-9.02856588e-02
-9.03926492e-02
-9.04987976e-02
-9.06040892e-02
-9.07085314e-02
-9.08121243e-02
-9.09148604e-02
-9.10167471e-02
-9.11177769e-02
-9.12179574e-02
-9.13172662e-02
-9.14157256e-02
-9.15133208e-02
-9.16100591e-02
-9.17059407e-02
-9.18009579e-02
-9.18951109e-02
-9.19883996e-02
-9.20808241e-02
-9.21723843e-02
-9.22630802e-02
-9.23529118e-02
-9.24418792e-02
-9.25299823e-02
-9.26172137e-02
-9.27035660e-02
-9.27890539e-02
-9.28736627e-02
-9.29574072e-02
-9.30402726e-02
-9.31222588e-02
-9.32033658e-02
-9.32836011e-02
-9.33629572e-02
-9.34414342e-02
-9.35190320e-02
-9.35957432e-02
-9.36715752e-02
-9.37465355e-02
-9.38206092e-02
-9.38937962e-02
-9.39660966e-02
-9.40375105e-02
-9.41080451e-02
-9.41776857e-02
-9.42464471e-02
-9.43143144e-02
-9.43812951e-02
-9.44473892e-02
-9.45125967e-02
-9.45769101e-02
-9.46403369e-02
-9.47028622e-02
-9.47645009e-02
-9.48252529e-02
-9.48851109e-02
-9.49440747e-02
-9.50021371e-02
-9.50593129e-02
-9.51155871e-02
-9.51709524e-02
-9.52254385e-02
-9.52790231e-02
-9.53317136e-02
-9.53835025e-02
-9.54344049e-02
-9.54844058e-02
-9.55335125e-02
-9.55817252e-02
-9.56290439e-02
-9.56754684e-02
-9.57209915e-02
-9.57656056e-02
-9.58093107e-02
-9.58521068e-02
-9.58939865e-02
-9.59349573e-02
-9.59750190e-02
-9.60141644e-02
-9.60523933e-02
-9.60897282e-02
-9.61261466e-02
-9.61616561e-02
-9.61962640e-02
-9.62299556e-02
-9.62627381e-02
-9.62946191e-02
-9.63255838e-02
-9.63556468e-02
-9.63847935e-02
-9.64130312e-02
-9.64403600e-02
-9.64667797e-02
-9.64922905e-02
-9.65168923e-02
-9.65405852e-02
-9.65633616e-02
-9.65852290e-02
-9.66061801e-02
-9.66262147e-02
-9.66453478e-02
-9.66635719e-02
-9.66808796e-02
-9.66972858e-02
-9.67127681e-02
-9.67273489e-02
-9.67410132e-02
-9.67537761e-02
-9.67656225e-02
-9.67765525e-02
-9.67865735e-02
-9.67956781e-02
-9.68038738e-02
-9.68111604e-02
-9.68175307e-02
-9.68229920e-02
-9.68275368e-02
-9.68311727e-02
-9.68338922e-02
-9.68357027e-02
-9.68366042e-02
-9.68365893e-02
-9.68356729e-02
-9.68338400e-02
-9.68310907e-02
-9.68274325e-02
-9.68228579e-02
-9.68173891e-02
-9.68109965e-02
-9.68036875e-02
-9.67954695e-02
-9.67863351e-02
-9.67762992e-02
-9.67653543e-02
-9.67534855e-02
-9.67407078e-02
-9.67270136e-02
-9.67124104e-02
-9.66968983e-02
-9.66804847e-02
-9.66631472e-02
-9.66449007e-02
-9.66257453e-02
-9.66056809e-02
-9.65847000e-02
-9.65628102e-02
-9.65400189e-02
-9.65163037e-02
-9.64916870e-02
-9.64661539e-02
-9.64397117e-02
-9.64123607e-02
-9.63840932e-02
-9.63549167e-02
-9.63248387e-02
-9.62938443e-02
-9.62619483e-02
-9.62291434e-02
-9.61954221e-02
-9.61607918e-02
-9.61252525e-02
-9.60888118e-02
-9.60514620e-02
-9.60132033e-02
-9.59740281e-02
-9.59339365e-02
-9.58929434e-02
-9.58510414e-02
-9.58082303e-02
-9.57645178e-02
-9.57198814e-02
-9.56743509e-02
-9.56279039e-02
-9.55805629e-02
-9.55323279e-02
-9.54831988e-02
-9.54331756e-02
-9.53822583e-02
-9.53304470e-02
-9.52777416e-02
-9.52241421e-02
-9.51696485e-02
-9.51142609e-02
-9.50579792e-02
-9.50008035e-02
-9.49427336e-02
-9.48837698e-02
-9.48239118e-02
-9.47631672e-02
-9.47015360e-02
-9.46390033e-02
-9.45755839e-02
-9.45112705e-02
-9.44460705e-02
-9.43799689e-02
-9.43129882e-02
-9.42451209e-02
-9.41763595e-02
-9.41067114e-02
-9.40361843e-02
-9.39647630e-02
-9.38924626e-02
-9.38192755e-02
-9.37451944e-02
-9.36702415e-02
-9.35943946e-02
-9.35176760e-02
-9.34400782e-02
-9.33616012e-02
-9.32822451e-02
-9.32020098e-02
-9.31208953e-02
-9.30389017e-02
-9.29560363e-02
-9.28722918e-02
-9.27876830e-02
-9.27021950e-02
-9.26158279e-02
-9.25285965e-02
-9.24404934e-02
-9.23515260e-02
-9.22616869e-02
-9.21709910e-02
-9.20794234e-02
-9.19869915e-02
-9.18937027e-02
-9.17995423e-02
-9.17045251e-02
-9.16086510e-02
-9.15119052e-02
-9.14143026e-02
-9.13158432e-02
-9.12165344e-02
-9.11163539e-02
-9.10153240e-02
-9.09134299e-02
-9.08106863e-02
-9.07071009e-02
-9.06026587e-02
-9.04973596e-02
-9.03912112e-02
-9.02842209e-02
-9.01763737e-02
-9.00676772e-02
-8.99581313e-02
-8.98477361e-02
-8.97364914e-02
-8.96243975e-02
-8.95114541e-02
-8.93976688e-02
-8.92830342e-02
-8.91675651e-02
-8.90512615e-02
-8.89341235e-02
-8.88161510e-02
-8.86973515e-02
-8.85777250e-02
-8.84572566e-02
-8.83359611e-02
-8.82138237e-02
-8.80908668e-02
-8.79670903e-02
-8.78424793e-02
-8.77170414e-02
-8.75907838e-02
-8.74636918e-02
-8.73357877e-02
-8.72070566e-02
-8.70775059e-02
-8.69471431e-02
-8.68159533e-02
-8.66839513e-02
-8.65511224e-02
-8.64174813e-02
-8.62830281e-02
-8.61477628e-02
-8.60116854e-02
-8.58748034e-02
-8.57371092e-02
-8.55986103e-02
-8.54593068e-02
-8.53192061e-02
-8.51783007e-02
-8.50366056e-02
-8.48940983e-02
-8.47508013e-02
-8.46067071e-02
-8.44618157e-02
-8.43161270e-02
-8.41696411e-02
-8.40223655e-02
-8.38743076e-02
-8.37254524e-02
-8.35758150e-02
-8.34253877e-02
-8.32741782e-02
-8.31221789e-02
-8.29693973e-02
-8.28158334e-02
-8.26614946e-02
-8.25063810e-02
-8.23504925e-02
-8.21938366e-02
-8.20363984e-02
-8.18782002e-02
-8.17192271e-02
-8.15594792e-02
-8.13989714e-02
-8.12376961e-02
-8.10756609e-02
-8.09128582e-02
-8.07493031e-02
-8.05849805e-02
-8.04199055e-02
-8.02540705e-02
-8.00874755e-02
-7.99201280e-02
-7.97520280e-02
-7.95831829e-02
-7.94135928e-02
-7.92432502e-02
-7.90721700e-02
-7.89003447e-02
-7.87277743e-02
-7.85544664e-02
-7.83804208e-02
-7.82056451e-02
-7.80301243e-02
-7.78538808e-02
-7.76768923e-02
-7.74991736e-02
-7.73207247e-02
-7.71415457e-02
-7.69616365e-02
-7.67809972e-02
-7.65996352e-02
-7.64175504e-02
-7.62347504e-02
-7.60512352e-02
-7.58670121e-02
-7.56820738e-02
-7.54964277e-02
-7.53100738e-02
-7.51230195e-02
-7.49352500e-02
-7.47467875e-02
-7.45576173e-02
-7.43677542e-02
-7.41771832e-02
-7.39859194e-02
-7.37939477e-02
-7.36012831e-02
-7.34079257e-02
-7.32138753e-02
-7.30191395e-02
-7.28237256e-02
-7.26276264e-02
-7.24308491e-02
-7.22333863e-02
-7.20352456e-02
-7.18364269e-02
-7.16369301e-02
-7.14367628e-02
-7.12359175e-02
-7.10344091e-02
-7.08322227e-02
-7.06293806e-02
-7.04258680e-02
-7.02216923e-02
-7.00168535e-02
-6.98113590e-02
-6.96052089e-02
-6.93984032e-02
-6.91909492e-02
-6.89828470e-02
-6.87740892e-02
-6.85646906e-02
-6.83546364e-02
-6.81439489e-02
-6.79326206e-02
-6.77206442e-02
-6.75080419e-02
-6.72947913e-02
-6.70809075e-02
-6.68663979e-02
-6.66512623e-02
-6.64355010e-02
-6.62191138e-02
-6.60021082e-02
-6.57844767e-02
-6.55662343e-02
-6.53473660e-02
-6.51278943e-02
-6.49077967e-02
-6.46870956e-02
-6.44657835e-02
-6.42438605e-02
-6.40213415e-02
-6.37982041e-02
-6.35744706e-02
-6.33501410e-02
-6.31252229e-02
-6.28997087e-02
-6.26736134e-02
-6.24469221e-02
-6.22196421e-02
-6.19917773e-02
-6.17633313e-02
-6.15343004e-02
-6.13046959e-02
-6.10745102e-02
-6.08437546e-02
-6.06124252e-02
-6.03805184e-02
-6.01480454e-02
-5.99150062e-02
-5.96814081e-02
-5.94472401e-02
-5.92125170e-02
-5.89772388e-02
-5.87414019e-02
-5.85050136e-02
-5.82680739e-02
-5.80305867e-02
-5.77925518e-02
-5.75539693e-02
-5.73148541e-02
-5.70751950e-02
-5.68349995e-02
-5.65942675e-02
-5.63530028e-02
-5.61112054e-02
-5.58688864e-02
-5.56260347e-02
-5.53826615e-02
-5.51387630e-02
-5.48943467e-02
-5.46494164e-02
-5.44039719e-02
-5.41580133e-02
-5.39115444e-02
-5.36645651e-02
-5.34170829e-02
-5.31690978e-02
-5.29206134e-02
-5.26716299e-02
-5.24221547e-02
-5.21721765e-02
-5.19217141e-02
-5.16707599e-02
-5.14193177e-02
-5.11673912e-02
-5.09149805e-02
-5.06620929e-02
-5.04087284e-02
-5.01548871e-02
-4.99005765e-02
-4.96457927e-02
-4.93905433e-02
-4.91348282e-02
-4.88786511e-02
-4.86220121e-02
-4.83649112e-02
-4.81073596e-02
-4.78493534e-02
-4.75908965e-02
-4.73319925e-02
-4.70726416e-02
-4.68128435e-02
-4.65526097e-02
-4.62919362e-02
-4.60308269e-02
-4.57692854e-02
-4.55073155e-02
-4.52449173e-02
-4.49820943e-02
-4.47188467e-02
-4.44551781e-02
-4.41910960e-02
-4.39265966e-02
-4.36616838e-02
-4.33963612e-02
-4.31306288e-02
-4.28644903e-02
-4.25979532e-02
-4.23310101e-02
-4.20636721e-02
-4.17959355e-02
-4.15278077e-02
-4.12592888e-02
-4.09903824e-02
-4.07210924e-02
-4.04514149e-02
-4.01813649e-02
-3.99109349e-02
-3.96401286e-02
-3.93689461e-02
-3.90973985e-02
-3.88254821e-02
-3.85532007e-02
-3.82805504e-02
-3.80075425e-02
-3.77341807e-02
-3.74604613e-02
-3.71863954e-02
-3.69119756e-02
-3.66372094e-02
-3.63620967e-02
-3.60866450e-02
-3.58108543e-02
-3.55347246e-02
-3.52582633e-02
-3.49814668e-02
-3.47043425e-02
-3.44268903e-02
-3.41491178e-02
-3.38710248e-02
-3.35926116e-02
-3.33138816e-02
-3.30348387e-02
-3.27554867e-02
-3.24758254e-02
-3.21958587e-02
-3.19155902e-02
-3.16350199e-02
-3.13541517e-02
-3.10729891e-02
-3.07915341e-02
-3.05097885e-02
-3.02277580e-02
-2.99454425e-02
-2.96628438e-02
-2.93799676e-02
-2.90968157e-02
-2.88133863e-02
-2.85296869e-02
-2.82457210e-02
-2.79614870e-02
-2.76769903e-02
-2.73922347e-02
-2.71072183e-02
-2.68219486e-02
-2.65364237e-02
-2.62506511e-02
-2.59646308e-02
-2.56783664e-02
-2.53918618e-02
-2.51051150e-02
-2.48181336e-02
-2.45309193e-02
-2.42434721e-02
-2.39557959e-02
-2.36678943e-02
-2.33797710e-02
-2.30914261e-02
-2.28028633e-02
-2.25140881e-02
-2.22251005e-02
-2.19359025e-02
-2.16465015e-02
-2.13568956e-02
-2.10670866e-02
-2.07770821e-02
-2.04868838e-02
-2.01964900e-02
-1.99059099e-02
-1.96151398e-02
-1.93241872e-02
-1.90330502e-02
-1.87417343e-02
-1.84502453e-02
-1.81585811e-02
-1.78667475e-02
-1.75747443e-02
-1.72825754e-02
-1.69902444e-02
-1.66977551e-02
-1.64051056e-02
-1.61123034e-02
-1.58193503e-02
-1.55262481e-02
-1.52329998e-02
-1.49396081e-02
-1.46460757e-02
-1.43524054e-02
-1.40585992e-02
-1.37646599e-02
-1.34705920e-02
-1.31763984e-02
-1.28820809e-02
-1.25876404e-02
-1.22930817e-02
-1.19984075e-02
-1.17036197e-02
-1.14087220e-02
-1.11137172e-02
-1.08186081e-02
-1.05233965e-02
-1.02280872e-02
-9.93268006e-03
-9.63718072e-03
-9.34159011e-03
-9.04591102e-03
-8.75014812e-03
-8.45430139e-03
-8.15837644e-03
-7.86237419e-03
-7.56629743e-03
-7.27015082e-03
-6.97393529e-03
-6.67765411e-03
-6.38131006e-03
-6.08490594e-03
-5.78844454e-03
-5.49192820e-03
-5.19536063e-03
-4.89874417e-03
-4.60208161e-03
-4.30537527e-03
-4.00862889e-03
-3.71184503e-03
-3.41502624e-03
-3.11817508e-03
-2.82129459e-03
-2.52438756e-03
-2.22745677e-03
-1.93050480e-03
-1.63353479e-03
-1.33654941e-03
-1.03955134e-03
-7.42543605e-04
-4.45528916e-04
-1.48510109e-04
1.48510109e-04
4.45528916e-04
