-8.97575170e-04
-2.99192674e-04
2.99192674e-04
8.97575170e-04
1.49594923e-03
2.09430908e-03
2.69264891e-03
3.29096336e-03
3.88924684e-03
4.48749354e-03
5.08569786e-03
5.68385376e-03
6.28195703e-03
6.88000070e-03
7.47798011e-03
8.07588920e-03
8.67372192e-03
9.27147269e-03
9.86913592e-03
1.04667069e-02
1.10641802e-02
1.16615482e-02
1.22588072e-02
1.28559507e-02
1.34529741e-02
1.40498700e-02
1.46466326e-02
1.52432583e-02
1.58397425e-02
1.64360758e-02
1.70322545e-02
1.76282730e-02
1.82241257e-02
1.88198090e-02
1.94153115e-02
2.00106353e-02
2.06057690e-02
2.12007109e-02
2.17954516e-02
2.23899893e-02
2.29843147e-02
2.35784221e-02
2.41723098e-02
2.47659702e-02
2.53593978e-02
2.59525850e-02
2.65455283e-02
2.71382201e-02
2.77306549e-02
2.83228327e-02
2.89147403e-02
2.95063779e-02
3.00977360e-02
3.06888111e-02
3.12795974e-02
3.18700895e-02
3.24602835e-02
3.30501683e-02
3.36397476e-02
3.42290066e-02
3.48179489e-02
3.54065634e-02
3.59948426e-02
3.65827829e-02
3.71703804e-02
3.77576239e-02
3.83445174e-02
3.89310494e-02
3.95172164e-02
4.01030108e-02
4.06884253e-02
4.12734561e-02
4.18580994e-02
4.24423479e-02
4.30262014e-02
4.36096489e-02
4.41926904e-02
4.47753109e-02
4.53575179e-02
4.59392928e-02
4.65206392e-02
4.71015461e-02
4.76820096e-02
4.82620224e-02
4.88415845e-02
4.94206809e-02
4.99993153e-02
5.05774803e-02
5.11551648e-02
5.17323688e-02
5.23090884e-02
5.28853126e-02
5.34610413e-02
5.40362634e-02
5.46109788e-02
5.51851727e-02
5.57588525e-02
5.63320071e-02
5.69046326e-02
5.74767217e-02
5.80482706e-02
5.86192757e-02
5.91897257e-02
5.97596169e-02
6.03289455e-02
6.08977042e-02
6.14658892e-02
6.20334968e-02
6.26005232e-02
6.31669536e-02
6.37328029e-02
6.42980412e-02
6.48626834e-02
6.54267073e-02
6.59901127e-02
6.65529072e-02
6.71150684e-02
6.76766038e-02
6.82374984e-02
6.87977597e-02
6.93573728e-02
6.99163303e-02
7.04746321e-02
7.10322708e-02
7.15892389e-02
7.21455291e-02
7.27011412e-02
7.32560754e-02
7.38103241e-02
7.43638724e-02
7.49167204e-02
7.54688680e-02
7.60203004e-02
7.65710250e-02
7.71210343e-02
7.76703134e-02
7.82188550e-02
7.87666664e-02
7.93137401e-02
7.98600689e-02
8.04056451e-02
8.09504539e-02
8.14945102e-02
8.20378065e-02
8.25803205e-02
8.31220672e-02
8.36630240e-02
8.42031986e-02
8.47425759e-02
8.52811560e-02
8.58189389e-02
8.63559097e-02
8.68920833e-02
8.74274224e-02
8.79619494e-02
8.84956419e-02
8.90285149e-02
8.95605460e-02
9.00917351e-02
9.06220824e-02
9.11515728e-02
9.16802064e-02
9.22079831e-02
9.27348956e-02
9.32609290e-02
9.37860832e-02
9.43103582e-02
9.48337466e-02
9.53562409e-02
9.58778337e-02
9.63985249e-02
9.69183072e-02
9.74371731e-02
9.79551226e-02
9.84721482e-02
9.89882499e-02
9.95034128e-02
1.00017644e-01
1.00530915e-01
1.01043254e-01
1.01554647e-01
1.02065079e-01
1.02574550e-01
1.03083052e-01
1.03590585e-01
1.04097135e-01
1.04602709e-01
1.05107307e-01
1.05610915e-01
1.06113516e-01
1.06615134e-01
1.07115738e-01
1.07615329e-01
1.08113915e-01
1.08611472e-01
1.09108016e-01
1.09603524e-01
1.10097997e-01
1.10591449e-01
1.11083850e-01
1.11575201e-01
1.12065516e-01
1.12554759e-01
1.13042951e-01
1.13530077e-01
1.14016131e-01
1.14501111e-01
1.14985026e-01
1.15467854e-01
1.15949586e-01
1.16430230e-01
1.16909772e-01
1.17388219e-01
1.17865562e-01
1.18341781e-01
1.18816905e-01
1.19290896e-01
1.19763769e-01
1.20235518e-01
1.20706141e-01
1.21175617e-01
1.21643953e-01
1.22111142e-01
1.22577183e-01
1.23042077e-01
1.23505801e-01
1.23968370e-01
1.24429770e-01
1.24890000e-01
1.25349060e-01
1.25806928e-01
1.26263618e-01
1.26719132e-01
1.27173454e-01
1.27626598e-01
1.28078535e-01
1.28529280e-01
1.28978789e-01
1.29427105e-01
1.29874185e-01
1.30320042e-01
1.30764678e-01
1.31208077e-01
1.31650239e-01
1.32091165e-01
1.32530853e-01
1.32969305e-01
1.33406490e-01
1.33842438e-01
1.34277135e-01
1.34710565e-01
1.35142714e-01
1.35573596e-01
1.36003196e-01
1.36431530e-01
1.36858568e-01
1.37284324e-01
1.37708783e-01
1.38131931e-01
1.38553798e-01
1.38974354e-01
1.39393598e-01
1.39811546e-01
1.40228182e-01
1.40643507e-01
1.41057506e-01
1.41470164e-01
1.41881496e-01
1.42291501e-01
1.42700151e-01
1.43107444e-01
1.43513411e-01
1.43918037e-01
1.44321293e-01
1.44723207e-01
1.45123750e-01
1.45522937e-01
1.45920753e-01
1.46317199e-01
1.46712273e-01
1.47105977e-01
1.47498295e-01
1.47889212e-01
1.48278743e-01
1.48666874e-01
1.49053618e-01
1.49438947e-01
1.49822861e-01
1.50205374e-01
1.50586471e-01
1.50966167e-01
1.51344433e-01
1.51721299e-01
1.52096733e-01
1.52470753e-01
1.52843341e-01
1.53214514e-01
1.53584242e-01
1.53952509e-01
1.54319316e-01
1.54684663e-01
1.55048549e-01
1.55410975e-01
1.55771926e-01
1.56131402e-01
1.56489432e-01
1.56845972e-01
1.57201052e-01
1.57554641e-01
1.57906756e-01
1.58257380e-01
1.58606529e-01
1.58954203e-01
1.59300372e-01
1.59645051e-01
1.59988225e-01
1.60329893e-01
1.60670057e-01
1.61008701e-01
1.61345825e-01
1.61681429e-01
1.62015513e-01
1.62348062e-01
1.62679106e-01
1.63008615e-01
1.63336590e-01
1.63663030e-01
1.63987935e-01
1.64311305e-01
1.64633125e-01
1.64953381e-01
1.65272117e-01
1.65589288e-01
1.65904909e-01
1.66218966e-01
1.66531458e-01
1.66842386e-01
1.67151734e-01
1.67459518e-01
1.67765722e-01
1.68070331e-01
1.68373376e-01
1.68674812e-01
1.68974683e-01
1.69272959e-01
1.69569641e-01
1.69864744e-01
1.70158237e-01
1.70450136e-01
1.70740440e-01
1.71029136e-01
1.71316236e-01
1.71601728e-01
1.71885595e-01
1.72167853e-01
1.72448501e-01
1.72727525e-01
1.73004925e-01
1.73280686e-01
1.73554808e-01
1.73827305e-01
1.74098149e-01
1.74367368e-01
1.74634933e-01
1.74900874e-01
1.75165161e-01
1.75427794e-01
1.75688788e-01
1.75948113e-01
1.76205799e-01
1.76461831e-01
1.76716194e-01
1.76968917e-01
1.77219957e-01
1.77469358e-01
1.77717090e-01
1.77963138e-01
1.78207532e-01
1.78450257e-01
1.78691328e-01
1.78930700e-01
1.79168388e-01
1.79404378e-01
1.79638669e-01
1.79871261e-01
1.80102155e-01
1.80331349e-01
1.80558845e-01
1.80784658e-01
1.81008756e-01
1.81231171e-01
1.81451872e-01
1.81670874e-01
1.81888148e-01
1.82103738e-01
1.82317600e-01
1.82529762e-01
1.82740182e-01
1.82948902e-01
1.83155909e-01
1.83361188e-01
1.83564752e-01
1.83766589e-01
1.83966696e-01
1.84165075e-01
1.84361726e-01
1.84556648e-01
1.84749842e-01
1.84941307e-01
1.85131028e-01
1.85319006e-01
1.85505256e-01
1.85689747e-01
1.85872495e-01
1.86053500e-01
1.86232731e-01
1.86410233e-01
1.86585963e-01
1.86759934e-01
1.86932161e-01
1.87102616e-01
1.87271327e-01
1.87438264e-01
1.87603444e-01
1.87766865e-01
1.87928498e-01
1.88088372e-01
1.88246459e-01
1.88402787e-01
1.88557357e-01
1.88710123e-01
1.88861132e-01
1.89010352e-01
1.89157799e-01
1.89303443e-01
1.89447299e-01
1.89589396e-01
1.89729691e-01
1.89868197e-01
1.90004900e-01
1.90139830e-01
1.90272957e-01
1.90404296e-01
1.90533847e-01
1.90661609e-01
1.90787584e-01
1.90911770e-01
1.91034168e-01
1.91154778e-01
1.91273585e-01
1.91390604e-01
1.91505820e-01
1.91619217e-01
1.91730782e-01
1.91840544e-01
1.91948473e-01
1.92054600e-01
1.92158893e-01
1.92261368e-01
1.92362010e-01
1.92460835e-01
1.92557842e-01
1.92653045e-01
1.92746431e-01
1.92837983e-01
1.92927718e-01
1.93015635e-01
1.93101719e-01
1.93185985e-01
1.93268418e-01
1.93349048e-01
1.93427831e-01
1.93504795e-01
1.93579957e-01
1.93653271e-01
1.93724766e-01
1.93794429e-01
1.93862259e-01
1.93928301e-01
1.93992496e-01
1.94054857e-01
1.94115385e-01
1.94174081e-01
1.94230959e-01
1.94285989e-01
1.94339201e-01
1.94390595e-01
1.94440141e-01
1.94487855e-01
1.94533736e-01
1.94577798e-01
1.94620013e-01
1.94660395e-01
1.94698960e-01
1.94735661e-01
1.94770560e-01
1.94803610e-01
1.94834813e-01
1.94864213e-01
1.94891751e-01
1.94917470e-01
1.94941342e-01
1.94963396e-01
1.94983587e-01
1.95001945e-01
1.95018470e-01
1.95033148e-01
1.95045993e-01
1.95057005e-01
1.95066184e-01
1.95073530e-01
1.95079029e-01
1.95082694e-01
1.95084497e-01
1.95084482e-01
1.95082620e-01
1.95078924e-01
1.95073396e-01
1.95066020e-01
1.95056826e-01
1.95045784e-01
1.95032910e-01
1.95018172e-01
1.95001602e-01
1.94983214e-01
1.94962963e-01
1.94940895e-01
1.94916978e-01
1.94891259e-01
1.94863692e-01
1.94834277e-01
1.94803029e-01
1.94769964e-01
1.94735050e-01
1.94698304e-01
1.94659725e-01
1.94619328e-01
1.94577068e-01
1.94533005e-01
1.94487095e-01
1.94439352e-01
1.94389775e-01
1.94338366e-01
1.94285125e-01
1.94230050e-01
1.94173142e-01
1.94114402e-01
1.94053844e-01
1.93991438e-01
1.93927228e-01
1.93861187e-01
1.93793312e-01
1.93723619e-01
1.93652108e-01
1.93578765e-01
1.93503588e-01
1.93426579e-01
1.93347767e-01
1.93267137e-01
1.93184659e-01
1.93100363e-01
1.93014234e-01
1.92926288e-01
1.92836523e-01
1.92744941e-01
1.92651540e-01
1.92556292e-01
1.92459226e-01
1.92360371e-01
1.92259699e-01
1.92157194e-01
1.92052871e-01
1.91946715e-01
1.91838741e-01
1.91728979e-01
1.91617399e-01
1.91503987e-01
1.91388756e-01
1.91271707e-01
1.91152856e-01
1.91032201e-01
1.90909758e-01
1.90785527e-01
1.90659523e-01
1.90531746e-01
1.90402180e-01
1.90270841e-01
1.90137699e-01
1.90002784e-01
1.89866066e-01
1.89727575e-01
1.89587280e-01
1.89445212e-01
1.89301357e-01
1.89155698e-01
1.89008281e-01
1.88859075e-01
1.88708097e-01
1.88555345e-01
1.88400820e-01
1.88244522e-01
1.88086435e-01
1.87926576e-01
1.87764958e-01
1.87601566e-01
1.87436417e-01
1.87269479e-01
1.87100798e-01
1.86930344e-01
1.86758131e-01
1.86584175e-01
1.86408445e-01
1.86230972e-01
1.86051741e-01
1.85870737e-01
1.85687989e-01
1.85503498e-01
1.85317263e-01
1.85129285e-01
1.84939563e-01
1.84748113e-01
1.84554935e-01
1.84360012e-01
1.84163362e-01
1.83964998e-01
1.83764890e-01
1.83563069e-01
1.83359504e-01
1.83154240e-01
1.82947233e-01
1.82738528e-01
1.82528093e-01
1.82315946e-01
1.82102084e-01
1.81886494e-01
1.81669205e-01
1.81450218e-01
1.81229517e-01
1.81007132e-01
1.80783033e-01
1.80557236e-01
1.80329740e-01
1.80100545e-01
1.79869652e-01
1.79637060e-01
1.79402769e-01
1.79166779e-01
1.78929090e-01
1.78689718e-01
1.78448677e-01
1.78205967e-01
1.77961573e-01
1.77715525e-01
1.77467793e-01
1.77218407e-01
1.76967353e-01
1.76714644e-01
1.76460251e-01
1.76204234e-01
1.75946534e-01
1.75687194e-01
1.75426200e-01
1.75163552e-01
1.74899265e-01
1.74633324e-01
1.74365759e-01
1.74096540e-01
1.73825681e-01
1.73553184e-01
1.73279032e-01
1.73003271e-01
1.72725871e-01
1.72446832e-01
1.72166184e-01
1.71883911e-01
1.71600029e-01
1.71314538e-01
1.71027437e-01
1.70738727e-01
1.70448422e-01
1.70156509e-01
1.69863015e-01
1.69567913e-01
1.69271231e-01
1.68972939e-01
1.68673068e-01
1.68371603e-01
1.68068558e-01
1.67763934e-01
1.67457730e-01
1.67149946e-01
1.66840583e-01
1.66529655e-01
1.66217148e-01
1.65903091e-01
1.65587470e-01
1.65270299e-01
1.64951578e-01
1.64631292e-01
1.64309472e-01
1.63986102e-01
1.63661197e-01
1.63334757e-01
1.63006797e-01
1.62677273e-01
1.62346229e-01
1.62013650e-01
1.61679566e-01
1.61343962e-01
1.61006853e-01
1.60668209e-01
1.60328045e-01
1.59986377e-01
1.59643188e-01
1.59298509e-01
1.58952326e-01
1.58604667e-01
1.58255517e-01
1.57904878e-01
1.57552749e-01
1.57199144e-01
1.56844065e-01
1.56487510e-01
1.56129479e-01
1.55769974e-01
1.55409008e-01
1.55046582e-01
1.54682696e-01
1.54317349e-01
1.53950527e-01
1.53582245e-01
1.53212517e-01
1.52841330e-01
1.52468726e-01
1.52094722e-01
1.51719287e-01
1.51342452e-01
1.50964171e-01
1.50584489e-01
1.50203377e-01
1.49820864e-01
1.49436936e-01
1.49051592e-01
1.48664847e-01
1.48276716e-01
1.47887185e-01
1.47496268e-01
1.47103950e-01
1.46710247e-01
1.46315172e-01
1.45918712e-01
1.45520896e-01
1.45121709e-01
1.44721180e-01
1.44319266e-01
1.43916011e-01
1.43511400e-01
1.43105432e-01
1.42698124e-01
1.42289475e-01
1.41879469e-01
1.41468138e-01
1.41055480e-01
1.40641481e-01
1.40226156e-01
1.39809519e-01
1.39391571e-01
1.38972312e-01
1.38551742e-01
1.38129875e-01
1.37706712e-01
1.37282252e-01
1.36856496e-01
1.36429459e-01
1.36001140e-01
1.35571525e-01
1.35140657e-01
1.34708509e-01
1.34275094e-01
1.33840397e-01
1.33404449e-01
1.32967249e-01
1.32528797e-01
1.32089123e-01
1.31648198e-01
1.31206036e-01
1.30762637e-01
1.30318031e-01
1.29872173e-01
1.29425108e-01
1.28976822e-01
1.28527313e-01
1.28076583e-01
1.27624631e-01
1.27171502e-01
1.26717180e-01
1.26261666e-01
1.25804961e-01
1.25347078e-01
1.24888018e-01
1.24427773e-01
1.23966359e-01
1.23503789e-01
1.23040058e-01
1.22575164e-01
1.22109115e-01
1.21641912e-01
1.21173576e-01
1.20704092e-01
1.20233476e-01
1.19761720e-01
1.19288847e-01
1.18814841e-01
1.18339732e-01
1.17863499e-01
1.17386155e-01
1.16907708e-01
1.16428167e-01
1.15947530e-01
1.15465790e-01
1.14982963e-01
1.14499055e-01
1.14014067e-01
1.13527998e-01
1.13040879e-01
1.12552688e-01
1.12063445e-01
1.11573137e-01
1.11081779e-01
1.10589378e-01
1.10095933e-01
1.09601460e-01
1.09105945e-01
1.08609416e-01
1.08111851e-01
1.07613273e-01
1.07113682e-01
1.06613085e-01
1.06111474e-01
1.05608866e-01
1.05105266e-01
1.04600675e-01
1.04095101e-01
1.03588551e-01
1.03081025e-01
1.02572516e-01
1.02063045e-01
1.01552613e-01
1.01041235e-01
1.00528888e-01
1.00015603e-01
9.95013788e-02
9.89862159e-02
9.84701216e-02
9.79530960e-02
9.74351540e-02
9.69162881e-02
9.63965058e-02
9.58758146e-02
9.53542218e-02
9.48317423e-02
9.43083540e-02
9.37840790e-02
9.32589248e-02
9.27328914e-02
9.22059789e-02
9.16782096e-02
9.11495686e-02
9.06200781e-02
9.00897309e-02
8.95585418e-02
8.90265107e-02
8.84936377e-02
8.79599378e-02
8.74254107e-02
8.68900642e-02
8.63538980e-02
8.58169273e-02
8.52791369e-02
8.47405493e-02
8.42011720e-02
8.36609975e-02
8.31200406e-02
8.25782940e-02
8.20357800e-02
8.14924911e-02
8.09484348e-02
8.04036260e-02
7.98580498e-02
7.93117285e-02
7.87646696e-02
7.82168582e-02
7.76683167e-02
7.71190375e-02
7.65690356e-02
7.60183111e-02
7.54668787e-02
7.49147311e-02
7.43618831e-02
7.38083348e-02
7.32540935e-02
7.26991668e-02
7.21435547e-02
7.15872645e-02
7.10302964e-02
7.04726577e-02
6.99143633e-02
6.93554133e-02
6.87958002e-02
6.82355538e-02
6.76746592e-02
6.71131238e-02
6.65509552e-02
6.59881681e-02
6.54247552e-02
6.48607314e-02
6.42960966e-02
6.37308583e-02
6.31650165e-02
6.25985861e-02
6.20315634e-02
6.14639558e-02
6.08957708e-02
6.03270158e-02
5.97576909e-02
5.91877997e-02
5.86173609e-02
5.80463633e-02
5.74748181e-02
5.69027327e-02
5.63301146e-02
5.57569638e-02
5.51832914e-02
5.46090938e-02
5.40343821e-02
5.34591638e-02
5.28834462e-02
5.23072258e-02
5.17305136e-02
5.11533134e-02
5.05756326e-02
4.99974713e-02
4.94188406e-02
4.88397442e-02
4.82601896e-02
4.76801805e-02
4.70997207e-02
4.65188213e-02
4.59374785e-02
4.53557074e-02
4.47735079e-02
4.41908874e-02
4.36078496e-02
4.30244058e-02
4.24405560e-02
4.18563075e-02
4.12716642e-02
4.06866334e-02
4.01012227e-02
3.95154320e-02
3.89292724e-02
3.83427441e-02
3.77558544e-02
3.71686108e-02
3.65810171e-02
3.59930843e-02
3.54048125e-02
3.48162055e-02
3.42272706e-02
3.36380154e-02
3.30484398e-02
3.24585587e-02
3.18683684e-02
3.12778838e-02
3.06870993e-02
3.00960261e-02
2.95046717e-02
2.89130397e-02
2.83211339e-02
2.77289636e-02
2.71365307e-02
2.65438426e-02
2.59509049e-02
2.53577195e-02
2.47642975e-02
2.41706409e-02
2.35767569e-02
2.29826514e-02
2.23883297e-02
2.17937957e-02
2.11990587e-02
2.06041206e-02
2.00089905e-02
1.94136724e-02
1.88181717e-02
1.82224941e-02
1.76266432e-02
1.70306284e-02
1.64344534e-02
1.58381239e-02
1.52416462e-02
1.46450242e-02
1.40482653e-02
1.34513732e-02
1.28543545e-02
1.22572146e-02
1.16599593e-02
1.10625941e-02
1.04651256e-02
9.86755732e-03
9.26989783e-03
8.67215078e-03
8.07432085e-03
7.47641595e-03
6.87844073e-03
6.28040079e-03
5.68230217e-03
5.08414954e-03
4.48594894e-03
3.88770597e-03
3.28942668e-03
2.69111618e-03
2.09278008e-03
1.49442418e-03
8.96054262e-04
2.97675957e-04
-3.00705113e-04
-8.99083330e-04
-1.49745308e-03
-2.09580874e-03
-2.69414438e-03
-3.29245464e-03
-3.89073393e-03
-4.48897667e-03
-5.08717634e-03
-5.68532851e-03
-6.28342666e-03
-6.88146614e-03
-7.47944089e-03
-8.07734486e-03
-8.67517199e-03
-9.27291904e-03
-9.87057760e-03
-1.04681440e-02
-1.10656125e-02
-1.16629759e-02
-1.22602312e-02
-1.28573710e-02
-1.34543888e-02
-1.40512809e-02
-1.46480408e-02
-1.52446618e-02
-1.58411395e-02
-1.64374691e-02
-1.70336440e-02
-1.76296588e-02
-1.82255078e-02
-1.88211836e-02
-1.94166843e-02
-2.00120006e-02
-2.06071306e-02
-2.12020651e-02
-2.17968021e-02
-2.23913323e-02
-2.29856521e-02
-2.35797558e-02
-2.41736397e-02
-2.47672945e-02
-2.53607165e-02
-2.59539001e-02
-2.65468359e-02
-2.71395259e-02
-2.77319569e-02
-2.83241272e-02
-2.89160330e-02
-2.95076650e-02
-3.00990194e-02
-3.06900889e-02
-3.12808715e-02
-3.18713561e-02
-3.24615464e-02
-3.30514275e-02
-3.36410031e-02
-3.42302546e-02
-3.48191895e-02
-3.54077928e-02
-3.59960683e-02
-3.65840010e-02
-3.71715948e-02
-3.77588347e-02
-3.83457243e-02
-3.89322490e-02
-3.95184085e-02
-4.01041955e-02
-4.06896062e-02
-4.12746333e-02
-4.18592729e-02
-4.24435139e-02
-4.30273600e-02
-4.36108038e-02
-4.41938341e-02
-4.47764508e-02
-4.53586467e-02
-4.59404178e-02
-4.65217568e-02
-4.71026599e-02
-4.76831160e-02
-4.82631251e-02
-4.88426760e-02
-4.94217686e-02
-5.00003919e-02
-5.05785495e-02
-5.11562303e-02
-5.17334267e-02
-5.23101389e-02
-5.28863557e-02
-5.34620732e-02
-5.40372916e-02
-5.46119921e-02
-5.51861823e-02
-5.57598583e-02
-5.63330092e-02
-5.69056235e-02
-5.74777052e-02
-5.80492467e-02
-5.86202405e-02
-5.91906831e-02
-5.97605668e-02
-6.03298880e-02
-6.08986430e-02
-6.14668168e-02
-6.20344207e-02
-6.26014397e-02
-6.31678626e-02
-6.37336969e-02
-6.42989352e-02
-6.48635626e-02
-6.54275790e-02
-6.59909844e-02
-6.65537640e-02
-6.71159253e-02
-6.76774532e-02
-6.82383403e-02
-6.87985942e-02
-6.93581924e-02
-6.99171424e-02
-7.04754367e-02
-7.10330606e-02
-7.15900213e-02
-7.21463114e-02
-7.27019161e-02
-7.32568353e-02
-7.38110766e-02
-7.43646175e-02
-7.49174505e-02
-7.54695833e-02
-7.60210156e-02
-7.65717402e-02
-7.71217421e-02
-7.76710138e-02
-7.82195479e-02
-7.87673518e-02
-7.93144181e-02
-7.98607394e-02
-8.04063007e-02
-8.09511170e-02
-8.14951584e-02
-8.20384473e-02
-8.25809538e-02
-8.31226856e-02
-8.36636424e-02
-8.42038020e-02
-8.47431794e-02
-8.52817520e-02
-8.58195275e-02
-8.63564983e-02
-8.68926570e-02
-8.74279886e-02
-8.79625082e-02
-8.84962007e-02
-8.90290588e-02
-8.95610824e-02
-9.00922641e-02
-9.06225964e-02
-9.11520794e-02
-9.16807055e-02
-9.22084674e-02
-9.27353650e-02
-9.32613909e-02
-9.37865451e-02
-9.43108201e-02
-9.48342010e-02
-9.53566879e-02
-9.58782807e-02
-9.63989645e-02
-9.69187319e-02
-9.74375904e-02
-9.79555249e-02
-9.84725431e-02
-9.89886373e-02
-9.95037928e-02
-1.00018010e-01
-1.00531287e-01
-1.01043619e-01
-1.01555005e-01
-1.02065429e-01
-1.02574892e-01
-1.03083380e-01
-1.03590898e-01
-1.04097448e-01
-1.04603007e-01
-1.05107591e-01
-1.05611183e-01
-1.06113784e-01
-1.06615379e-01
-1.07115977e-01
-1.07615560e-01
-1.08114123e-01
-1.08611673e-01
-1.09108202e-01
-1.09603703e-01
-1.10098168e-01
-1.10591598e-01
-1.11083992e-01
-1.11575335e-01
-1.12065628e-01
-1.12554863e-01
-1.13043047e-01
-1.13530159e-01
-1.14016198e-01
-1.14501171e-01
-1.14985071e-01
-1.15467884e-01
-1.15949601e-01
-1.16430230e-01
-1.16909750e-01
-1.17388181e-01
-1.17865510e-01
-1.18341722e-01
-1.18816830e-01
-1.19290806e-01
-1.19763672e-01
-1.20235398e-01
-1.20705999e-01
-1.21175468e-01
-1.21643789e-01
-1.22110970e-01
-1.22576997e-01
-1.23041868e-01
-1.23505577e-01
-1.23968124e-01
-1.24429502e-01
-1.24889717e-01
-1.25348762e-01
-1.25806615e-01
-1.26263291e-01
-1.26718789e-01
-1.27173111e-01
-1.27626240e-01
-1.28078163e-01
-1.28528893e-01
-1.28978401e-01
-1.29426688e-01
-1.29873767e-01
-1.30319610e-01
-1.30764216e-01
-1.31207600e-01
-1.31649733e-01
-1.32090643e-01
-1.32530317e-01
-1.32968739e-01
-1.33405924e-01
-1.33841857e-01
-1.34276539e-01
-1.34709969e-01
-1.35142118e-01
-1.35572985e-01
-1.36002570e-01
-1.36430889e-01
-1.36857912e-01
-1.37283638e-01
-1.37708083e-01
-1.38131216e-01
-1.38553068e-01
-1.38973594e-01
-1.39392838e-01
-1.39810771e-01
-1.40227392e-01
-1.40642703e-01
-1.41056687e-01
-1.41469330e-01
-1.41880661e-01
-1.42290637e-01
-1.42699271e-01
-1.43106565e-01
-1.43512532e-01
-1.43917128e-01
-1.44320399e-01
-1.44722283e-01
-1.45122826e-01
-1.45522013e-01
-1.45919815e-01
-1.46316245e-01
-1.46711320e-01
-1.47105008e-01
-1.47497311e-01
-1.47888213e-01
-1.48277730e-01
-1.48665845e-01
-1.49052575e-01
-1.49437889e-01
-1.49821788e-01
-1.50204301e-01
-1.50585383e-01
-1.50965065e-01
-1.51343331e-01
-1.51720166e-01
-1.52095571e-01
-1.52469575e-01
-1.52842149e-01
-1.53213307e-01
-1.53583020e-01
-1.53951272e-01
-1.54318064e-01
-1.54683396e-01
-1.55047283e-01
-1.55409679e-01
-1.55770615e-01
-1.56130075e-01
-1.56488091e-01
-1.56844616e-01
-1.57199681e-01
-1.57553270e-01
-1.57905355e-01
-1.58255979e-01
-1.58605114e-01
-1.58952773e-01
-1.59298927e-01
-1.59643576e-01
-1.59986734e-01
-1.60328388e-01
-1.60668537e-01
-1.61007166e-01
-1.61344290e-01
-1.61679864e-01
-1.62013933e-01
-1.62346467e-01
-1.62677497e-01
-1.63006976e-01
-1.63334936e-01
-1.63661346e-01
-1.63986236e-01
-1.64309591e-01
-1.64631397e-01
-1.64951652e-01
-1.65270358e-01
-1.65587515e-01
-1.65903121e-01
-1.66217163e-01
-1.66529641e-01
-1.66840553e-01
-1.67149886e-01
-1.67457640e-01
-1.67763814e-01
-1.68068424e-01
-1.68371439e-01
-1.68672875e-01
-1.68972731e-01
-1.69270992e-01
-1.69567659e-01
-1.69862747e-01
-1.70156211e-01
-1.70448095e-01
-1.70738384e-01
-1.71027079e-01
-1.71314150e-01
-1.71599627e-01
-1.71883494e-01
-1.72165751e-01
-1.72446385e-01
-1.72725394e-01
-1.73002779e-01
-1.73278525e-01
-1.73552647e-01
-1.73825130e-01
-1.74095958e-01
-1.74365163e-01
-1.74632713e-01
-1.74898639e-01
-1.75162911e-01
-1.75425544e-01
-1.75686508e-01
-1.75945833e-01
-1.76203489e-01
-1.76459521e-01
-1.76713869e-01
-1.76966578e-01
-1.77217603e-01
-1.77466989e-01
-1.77714691e-01
-1.77960739e-01
-1.78205118e-01
-1.78447843e-01
-1.78688884e-01
-1.78928256e-01
-1.79165930e-01
-1.79401904e-01
-1.79636180e-01
-1.79868758e-01
-1.80099636e-01
-1.80328801e-01
-1.80556282e-01
-1.80782050e-01
-1.81006134e-01
-1.81228504e-01
-1.81449190e-01
-1.81668162e-01
-1.81885451e-01
-1.82101011e-01
-1.82314858e-01
-1.82526991e-01
-1.82737425e-01
-1.82946131e-01
-1.83153123e-01
-1.83358386e-01
-1.83561921e-01
-1.83763742e-01
-1.83963835e-01
-1.84162199e-01
-1.84358835e-01
-1.84553742e-01
-1.84746921e-01
-1.84938371e-01
-1.85128093e-01
-1.85316056e-01
-1.85502291e-01
-1.85686782e-01
-1.85869515e-01
-1.86050490e-01
-1.86229721e-01
-1.86407194e-01
-1.86582908e-01
-1.86756864e-01
-1.86929077e-01
-1.87099516e-01
-1.87268198e-01
-1.87435135e-01
-1.87600300e-01
-1.87763691e-01
-1.87925339e-01
-1.88085184e-01
-1.88243270e-01
-1.88399583e-01
-1.88554123e-01
-1.88706875e-01
-1.88857853e-01
-1.89007044e-01
-1.89154446e-01
-1.89300075e-01
-1.89443916e-01
-1.89585984e-01
-1.89726263e-01
-1.89864755e-01
-1.90001458e-01
-1.90136373e-01
-1.90269500e-01
-1.90400839e-01
-1.90530390e-01
-1.90658167e-01
-1.90784141e-01
-1.90908313e-01
-1.91030711e-01
-1.91151291e-01
-1.91270098e-01
-1.91387102e-01
-1.91502288e-01
-1.91615671e-01
-1.91727221e-01
-1.91836968e-01
-1.91944882e-01
-1.92050993e-01
-1.92155272e-01
-1.92257732e-01
-1.92358375e-01
-1.92457199e-01
-1.92554206e-01
-1.92649409e-01
-1.92742765e-01
-1.92834318e-01
-1.92924038e-01
-1.93011940e-01
-1.93098009e-01
-1.93182290e-01
-1.93264723e-01
-1.93345323e-01
-1.93424106e-01
-1.93501055e-01
-1.93576217e-01
-1.93649530e-01
-1.93721011e-01
-1.93790674e-01
-1.93858504e-01
-1.93924516e-01
-1.93988681e-01
-1.94051042e-01
-1.94111556e-01
-1.94170237e-01
-1.94227099e-01
-1.94282129e-01
-1.94335341e-01
-1.94386706e-01
-1.94436252e-01
-1.94483951e-01
-1.94529846e-01
-1.94573879e-01
-1.94616094e-01
-1.94656461e-01
-1.94695011e-01
-1.94731712e-01
-1.94766596e-01
-1.94799647e-01
-1.94830865e-01
-1.94860250e-01
-1.94887787e-01
-1.94913507e-01
-1.94937378e-01
-1.94959417e-01
-1.94979623e-01
-1.94997981e-01
-1.95014492e-01
-1.95029184e-01
-1.95042029e-01
-1.95053041e-01
-1.95062205e-01
-1.95069537e-01
-1.95075035e-01
-1.95078686e-01
-1.95080489e-01
-1.95080474e-01
-1.95078611e-01
-1.95074901e-01
-1.95069343e-01
-1.95061967e-01
-1.95052728e-01
-1.95041656e-01
-1.95028752e-01
-1.95014015e-01
-1.94997430e-01
-1.94978997e-01
-1.94958746e-01
-1.94936648e-01
-1.94912732e-01
-1.94886953e-01
-1.94859371e-01
-1.94829941e-01
-1.94798663e-01
-1.94765568e-01
-1.94730639e-01
-1.94693878e-01
-1.94655269e-01
-1.94614843e-01
-1.94572598e-01
-1.94528505e-01
-1.94482580e-01
-1.94434822e-01
-1.94385231e-01
-1.94333792e-01
-1.94280550e-01
-1.94225445e-01
-1.94168538e-01
-1.94109797e-01
-1.94049224e-01
-1.93986818e-01
-1.93922594e-01
-1.93856537e-01
-1.93788648e-01
-1.93718940e-01
-1.93647414e-01
-1.93574056e-01
-1.93498880e-01
-1.93421870e-01
-1.93343014e-01
-1.93262354e-01
-1.93179876e-01
-1.93095565e-01
-1.93009436e-01
-1.92921489e-01
-1.92831725e-01
-1.92740127e-01
-1.92646712e-01
-1.92551464e-01
-1.92454398e-01
-1.92355514e-01
-1.92254826e-01
-1.92152321e-01
-1.92047983e-01
-1.91941828e-01
-1.91833854e-01
-1.91724062e-01
-1.91612452e-01
-1.91499025e-01
-1.91383794e-01
-1.91266745e-01
-1.91147894e-01
-1.91027239e-01
-1.90904796e-01
-1.90780565e-01
-1.90654546e-01
-1.90526739e-01
-1.90397143e-01
-1.90265775e-01
-1.90132648e-01
-1.89997718e-01
-1.89861014e-01
-1.89722523e-01
-1.89582244e-01
-1.89440161e-01
-1.89296305e-01
-1.89150646e-01
-1.89003229e-01
-1.88854024e-01
-1.88703030e-01
-1.88550264e-01
-1.88395739e-01
-1.88239425e-01
-1.88081354e-01
-1.87921479e-01
-1.87759861e-01
-1.87596455e-01
-1.87431291e-01
-1.87264353e-01
-1.87095642e-01
-1.86925173e-01
-1.86752945e-01
-1.86578959e-01
-1.86403230e-01
-1.86225742e-01
-1.86046511e-01
-1.85865521e-01
-1.85682774e-01
-1.85498282e-01
-1.85312033e-01
-1.85124040e-01
-1.84934318e-01
-1.84742853e-01
-1.84549659e-01
-1.84354737e-01
-1.84158087e-01
-1.83959723e-01
-1.83759615e-01
-1.83557793e-01
-1.83354244e-01
-1.83148980e-01
-1.82941973e-01
-1.82733253e-01
-1.82522804e-01
-1.82310656e-01
-1.82096779e-01
-1.81881204e-01
-1.81663916e-01
-1.81444928e-01
-1.81224227e-01
-1.81001842e-01
-1.80777743e-01
-1.80551931e-01
-1.80324435e-01
-1.80095240e-01
-1.79864347e-01
-1.79631755e-01
-1.79397464e-01
-1.79161474e-01
-1.78923786e-01
-1.78684413e-01
-1.78443357e-01
-1.78200647e-01
-1.77956253e-01
-1.77710190e-01
-1.77462459e-01
-1.77213073e-01
-1.76962018e-01
-1.76709294e-01
-1.76454917e-01
-1.76198885e-01
-1.75941199e-01
-1.75681844e-01
-1.75420851e-01
-1.75158218e-01
-1.74893931e-01
-1.74628004e-01
-1.74360424e-01
-1.74091220e-01
-1.73820361e-01
-1.73547864e-01
-1.73273727e-01
-1.72997966e-01
-1.72720566e-01
-1.72441557e-01
-1.72160909e-01
-1.71878651e-01
-1.71594769e-01
-1.71309277e-01
-1.71022192e-01
-1.70733482e-01
-1.70443177e-01
-1.70151263e-01
-1.69857785e-01
-1.69562683e-01
-1.69265985e-01
-1.68967709e-01
-1.68667853e-01
-1.68366387e-01
-1.68063357e-01
-1.67758733e-01
-1.67452529e-01
-1.67144760e-01
-1.66835397e-01
-1.66524455e-01
-1.66211963e-01
-1.65897906e-01
-1.65582284e-01
-1.65265113e-01
-1.64946392e-01
-1.64626122e-01
-1.64304316e-01
-1.63980946e-01
-1.63656056e-01
-1.63329616e-01
-1.63001642e-01
-1.62672132e-01
-1.62341103e-01
-1.62008554e-01
-1.61674485e-01
-1.61338881e-01
-1.61001757e-01
-1.60663113e-01
-1.60322964e-01
-1.59981295e-01
-1.59638137e-01
-1.59293473e-01
-1.58947289e-01
-1.58599630e-01
-1.58250496e-01
-1.57899871e-01
-1.57547757e-01
-1.57194167e-01
-1.56839117e-01
-1.56482577e-01
-1.56124577e-01
-1.55765086e-01
-1.55404136e-01
-1.55041710e-01
-1.54677838e-01
-1.54312491e-01
-1.53945684e-01
-1.53577417e-01
-1.53207690e-01
-1.52836516e-01
-1.52463913e-01
-1.52089909e-01
-1.51714474e-01
-1.51337609e-01
-1.50959328e-01
-1.50579661e-01
-1.50198564e-01
-1.49816066e-01
-1.49432138e-01
-1.49046823e-01
-1.48660108e-01
-1.48271993e-01
-1.47882462e-01
-1.47491559e-01
-1.47099257e-01
-1.46705568e-01
-1.46310493e-01
-1.45914063e-01
-1.45516261e-01
-1.45117089e-01
-1.44716561e-01
-1.44314677e-01
-1.43911421e-01
-1.43506825e-01
-1.43100873e-01
-1.42693564e-01
-1.42284930e-01
-1.41874954e-01
-1.41463637e-01
-1.41050979e-01
-1.40636995e-01
-1.40221685e-01
-1.39805064e-01
-1.39387131e-01
-1.38967887e-01
-1.38547346e-01
-1.38125494e-01
-1.37702346e-01
-1.37277901e-01
-1.36852160e-01
-1.36425152e-01
-1.35996848e-01
-1.35567263e-01
-1.35136396e-01
-1.34704247e-01
-1.34270832e-01
-1.33836150e-01
-1.33400217e-01
-1.32963032e-01
-1.32524610e-01
-1.32084951e-01
-1.31644040e-01
-1.31201908e-01
-1.30758524e-01
-1.30313918e-01
-1.29868090e-01
-1.29421026e-01
-1.28972754e-01
-1.28523260e-01
-1.28072560e-01
-1.27620637e-01
-1.27167508e-01
-1.26713187e-01
-1.26257688e-01
-1.25801027e-01
-1.25343159e-01
-1.24884129e-01
-1.24423914e-01
-1.23962522e-01
-1.23499960e-01
-1.23036250e-01
-1.22571371e-01
-1.22105338e-01
-1.21638164e-01
-1.21169843e-01
-1.20700374e-01
-1.20229773e-01
-1.19758040e-01
-1.19285189e-01
-1.18811212e-01
-1.18336111e-01
-1.17859893e-01
-1.17382571e-01
-1.16904140e-01
-1.16424613e-01
-1.15943983e-01
-1.15462273e-01
-1.14979476e-01
-1.14495598e-01
-1.14010625e-01
-1.13524586e-01
-1.13037482e-01
-1.12549305e-01
-1.12060077e-01
-1.11569792e-01
-1.11078463e-01
-1.10586077e-01
-1.10092655e-01
-1.09598190e-01
-1.09102704e-01
-1.08606182e-01
-1.08108647e-01
-1.07610084e-01
-1.07110515e-01
-1.06609941e-01
-1.06108353e-01
-1.05605774e-01
-1.05102196e-01
-1.04597628e-01
-1.04092069e-01
-1.03585526e-01
-1.03078015e-01
-1.02569528e-01
-1.02060080e-01
-1.01549670e-01
-1.01038307e-01
-1.00525998e-01
-1.00012735e-01
-9.94985253e-02
-9.89833847e-02
-9.84673053e-02
-9.79502946e-02
-9.74323675e-02
-9.69135314e-02
-9.63937715e-02
-9.58731025e-02
-9.53515247e-02
-9.48290527e-02
-9.43056941e-02
-9.37814489e-02
-9.32563245e-02
-9.27303135e-02
-9.22034308e-02
-9.16756839e-02
-9.11470652e-02
-9.06175971e-02
-9.00872722e-02
-8.95561054e-02
-8.90240893e-02
-8.84912461e-02
-8.79575685e-02
-8.74230638e-02
-8.68877321e-02
-8.63515884e-02
-8.58146325e-02
-8.52768719e-02
-8.47383067e-02
-8.41989517e-02
-8.36587995e-02
-8.31178576e-02
-8.25761333e-02
-8.20336342e-02
-8.14903677e-02
-8.09463337e-02
-8.04015398e-02
-7.98559859e-02
-7.93096870e-02
-7.87626430e-02
-7.82148540e-02
-7.76663348e-02
-7.71170780e-02
-7.65670985e-02
-7.60163963e-02
-7.54649863e-02
-7.49128610e-02
-7.43600428e-02
-7.38065243e-02
-7.32523054e-02
-7.26974010e-02
-7.21418113e-02
-7.15855509e-02
-7.10286126e-02
-7.04710037e-02
-6.99127316e-02
-6.93538040e-02
-6.87942281e-02
-6.82340041e-02
-6.76731318e-02
-6.71116188e-02
-6.65494800e-02
-6.59867153e-02
-6.54233322e-02
-6.48593381e-02
-6.42947257e-02
-6.37295097e-02
-6.31636977e-02
-6.25972822e-02
-6.20302856e-02
-6.14627078e-02
-6.08945489e-02
-6.03258200e-02
-5.97565174e-02
-5.91866560e-02
-5.86162359e-02
-5.80452643e-02
-5.74737452e-02
-5.69016859e-02
-5.63290939e-02
-5.57559729e-02
-5.51823191e-02
-5.46081513e-02
-5.40334657e-02
-5.34582734e-02
-5.28825782e-02
-5.23063838e-02
-5.17297015e-02
-5.11525311e-02
-5.05748764e-02
-4.99967448e-02
-4.94181402e-02
-4.88390699e-02
-4.82595377e-02
-4.76795509e-02
-4.70991172e-02
-4.65182438e-02
-4.59369309e-02
-4.53551859e-02
-4.47730124e-02
-4.41904180e-02
-4.36074100e-02
-4.30239923e-02
-4.24401686e-02
-4.18559462e-02
-4.12713289e-02
-4.06863280e-02
-4.01009433e-02
-3.95151824e-02
-3.89290452e-02
-3.83425467e-02
-3.77556868e-02
-3.71684730e-02
-3.65809090e-02
-3.59930024e-02
-3.54047529e-02
-3.48161757e-02
-3.42272632e-02
-3.36380340e-02
-3.30484882e-02
-3.24586295e-02
-3.18684652e-02
-3.12780030e-02
-3.06872446e-02
-3.00961994e-02
-2.95048710e-02
-2.89132651e-02
-2.83213872e-02
-2.77292412e-02
-2.71368343e-02
-2.65441705e-02
-2.59512588e-02
-2.53581014e-02
-2.47647054e-02
-2.41710749e-02
-2.35772189e-02
-2.29831394e-02
-2.23888438e-02
-2.17943359e-02
-2.11996250e-02
-2.06047148e-02
-2.00096108e-02
-1.94143187e-02
-1.88188441e-02
-1.82231925e-02
-1.76273696e-02
-1.70313809e-02
-1.64352320e-02
-1.58389285e-02
-1.52424769e-02
-1.46458820e-02
-1.40491500e-02
-1.34522840e-02
-1.28552923e-02
-1.22581795e-02
-1.16609503e-02
-1.10636121e-02
-1.04661696e-02
-9.86862835e-03
-9.27099586e-03
-8.67327582e-03
-8.07547383e-03
-7.47759594e-03
-6.87964773e-03
-6.28163479e-03
-5.68356272e-03
-5.08543709e-03
-4.48726304e-03
-3.88904684e-03
-3.29079432e-03
-2.69251061e-03
-2.09420151e-03
-1.49587239e-03
-8.97529128e-04
-2.99177307e-04
2.99177307e-04
8.97529128e-04
