-1.13357091e-03
-3.77858174e-04
3.77858174e-04
1.13357091e-03
1.88927318e-03
2.64495751e-03
3.40061728e-03
4.15624492e-03
4.91183298e-03
5.66737540e-03
6.42286381e-03
7.17829214e-03
7.93365296e-03
8.68893974e-03
9.44414455e-03
1.01992609e-02
1.09542813e-02
1.17091984e-02
1.24640055e-02
1.32186944e-02
1.39732594e-02
1.47276931e-02
1.54819880e-02
1.62361376e-02
1.69901326e-02
1.77439675e-02
1.84976365e-02
1.92511305e-02
2.00044420e-02
2.07575671e-02
2.15104949e-02
2.22632214e-02
2.30157394e-02
2.37680413e-02
2.45201197e-02
2.52719671e-02
2.60235760e-02
2.67749410e-02
2.75260527e-02
2.82769054e-02
2.90274918e-02
2.97778063e-02
3.05278394e-02
3.12775858e-02
3.20270360e-02
3.27761881e-02
3.35250273e-02
3.42735536e-02
3.50217558e-02
3.57696302e-02
3.65171693e-02
3.72643657e-02
3.80112082e-02
3.87576967e-02
3.95038165e-02
4.02495675e-02
4.09949422e-02
4.17399295e-02
4.24845219e-02
4.32287194e-02
4.39725071e-02
4.47158776e-02
4.54588309e-02
4.62013558e-02
4.69434485e-02
4.76851016e-02
4.84263077e-02
4.91670519e-02
4.99073379e-02
5.06471507e-02
5.13864867e-02
5.21253422e-02
5.28637059e-02
5.36015630e-02
5.43389209e-02
5.50757647e-02
5.58120944e-02
5.65478988e-02
5.72831668e-02
5.80178984e-02
5.87520823e-02
5.94857149e-02
6.02187887e-02
6.09512925e-02
6.16832227e-02
6.24145716e-02
6.31453320e-02
6.38754964e-02
6.46050721e-02
6.53340295e-02
6.60623834e-02
6.67901039e-02
6.75171986e-02
6.82436600e-02
6.89694732e-02
6.96946457e-02
7.04191625e-02
7.11430162e-02
7.18661919e-02
7.25887045e-02
7.33105242e-02
7.40316585e-02
7.47521073e-02
7.54718408e-02
7.61908665e-02
7.69091845e-02
7.76267722e-02
7.83436298e-02
7.90597498e-02
7.97751248e-02
8.04897472e-02
8.12036172e-02
8.19167197e-02
8.26290622e-02
8.33406225e-02
8.40514004e-02
8.47613811e-02
8.54705721e-02
8.61789584e-02
8.68865326e-02
8.75932872e-02
8.82992223e-02
8.90043303e-02
8.97086039e-02
9.04120281e-02
9.11146030e-02
9.18163210e-02
9.25171822e-02
9.32171717e-02
9.39162821e-02
9.46145058e-02
9.53118429e-02
9.60082784e-02
9.67038125e-02
9.73984376e-02
9.80921462e-02
9.87849161e-02
9.94767621e-02
1.00167669e-01
1.00857638e-01
1.01546660e-01
1.02234721e-01
1.02921821e-01
1.03607945e-01
1.04293093e-01
1.04977258e-01
1.05660439e-01
1.06342614e-01
1.07023805e-01
1.07703984e-01
1.08383141e-01
1.09061278e-01
1.09738387e-01
1.10414468e-01
1.11089513e-01
1.11763507e-01
1.12436444e-01
1.13108329e-01
1.13779150e-01
1.14448905e-01
1.15117580e-01
1.15785159e-01
1.16451658e-01
1.17117055e-01
1.17781349e-01
1.18444540e-01
1.19106613e-01
1.19767562e-01
1.20427385e-01
1.21086076e-01
1.21743619e-01
1.22400023e-01
1.23055272e-01
1.23709358e-01
1.24362282e-01
1.25014052e-01
1.25664622e-01
1.26314029e-01
1.26962245e-01
1.27609283e-01
1.28255114e-01
1.28899738e-01
1.29543141e-01
1.30185321e-01
1.30826265e-01
1.31465971e-01
1.32104471e-01
1.32741719e-01
1.33377716e-01
1.34012461e-01
1.34645954e-01
1.35278180e-01
1.35909125e-01
1.36538804e-01
1.37167186e-01
1.37794286e-01
1.38420075e-01
1.39044568e-01
1.39667749e-01
1.40289634e-01
1.40910208e-01
1.41529441e-01
1.42147332e-01
1.42763898e-01
1.43379122e-01
1.43992990e-01
1.44605502e-01
1.45216659e-01
1.45826459e-01
1.46434873e-01
1.47041932e-01
1.47647589e-01
1.48251861e-01
1.48854733e-01
1.49456203e-01
1.50056273e-01
1.50654927e-01
1.51252165e-01
1.51848003e-01
1.52442396e-01
1.53035387e-01
1.53626934e-01
1.54217020e-01
1.54805660e-01
1.55392826e-01
1.55978531e-01
1.56562760e-01
1.57145545e-01
1.57726824e-01
1.58306628e-01
1.58884957e-01
1.59461796e-01
1.60037145e-01
1.60610974e-01
1.61183283e-01
1.61754087e-01
1.62323356e-01
1.62891105e-01
1.63457319e-01
1.64021999e-01
1.64585143e-01
1.65146753e-01
1.65706798e-01
1.66265294e-01
1.66822225e-01
1.67377576e-01
1.67931363e-01
1.68483555e-01
1.69034183e-01
1.69583216e-01
1.70130640e-01
1.70676485e-01
1.71220720e-01
1.71763346e-01
1.72304362e-01
1.72843769e-01
1.73381537e-01
1.73917666e-01
1.74452171e-01
1.74985021e-01
1.75516233e-01
1.76045805e-01
1.76573709e-01
1.77099943e-01
1.77624524e-01
1.78147450e-01
1.78668693e-01
1.79188266e-01
1.79706156e-01
1.80222347e-01
1.80736840e-01
1.81249648e-01
1.81760743e-01
1.82270125e-01
1.82777792e-01
1.83283731e-01
1.83787972e-01
1.84290469e-01
1.84791252e-01
1.85290292e-01
1.85787588e-01
1.86283141e-01
1.86776936e-01
1.87268972e-01
1.87759250e-01
1.88247755e-01
1.88734502e-01
1.89219460e-01
1.89702645e-01
1.90184057e-01
1.90663651e-01
1.91141471e-01
1.91617489e-01
1.92091703e-01
1.92564100e-01
1.93034664e-01
1.93503410e-01
1.93970323e-01
1.94435418e-01
1.94898680e-01
1.95360109e-01
1.95819691e-01
1.96277425e-01
1.96733311e-01
1.97187349e-01
1.97639540e-01
1.98089868e-01
1.98538333e-01
1.98984906e-01
1.99429616e-01
1.99872434e-01
2.00313389e-01
2.00752437e-01
2.01189607e-01
2.01624870e-01
2.02058256e-01
2.02489719e-01
2.02919304e-01
2.03346953e-01
2.03772709e-01
2.04196557e-01
2.04618484e-01
2.05038473e-01
2.05456510e-01
2.05872610e-01
2.06286758e-01
2.06698969e-01
2.07109228e-01
2.07517534e-01
2.07923904e-01
2.08328322e-01
2.08730757e-01
2.09131241e-01
2.09529757e-01
2.09926292e-01
2.10320860e-01
2.10713446e-01
2.11104050e-01
2.11492673e-01
2.11879283e-01
2.12263912e-01
2.12646544e-01
2.13027164e-01
2.13405773e-01
2.13782385e-01
2.14156985e-01
2.14529559e-01
2.14900106e-01
2.15268642e-01
2.15635151e-01
2.15999618e-01
2.16362059e-01
2.16722459e-01
2.17080817e-01
2.17437133e-01
2.17791408e-01
2.18143627e-01
2.18493804e-01
2.18841910e-01
2.19187975e-01
2.19531953e-01
2.19873890e-01
2.20213741e-01
2.20551521e-01
2.20887199e-01
2.21220836e-01
2.21552372e-01
2.21881807e-01
2.22209170e-01
2.22534433e-01
2.22857624e-01
2.23178700e-01
2.23497674e-01
2.23814547e-01
2.24129304e-01
2.24441975e-01
2.24752516e-01
2.25060940e-01
2.25367263e-01
2.25671455e-01
2.25973517e-01
2.26273447e-01
2.26571247e-01
2.26866931e-01
2.27160469e-01
2.27451876e-01
2.27741107e-01
2.28028223e-01
2.28313193e-01
2.28596017e-01
2.28876695e-01
2.29155228e-01
2.29431614e-01
2.29705840e-01
2.29977906e-01
2.30247781e-01
2.30515495e-01
2.30781034e-01
2.31044382e-01
2.31305584e-01
2.31564596e-01
2.31821418e-01
2.32076064e-01
2.32328519e-01
2.32578784e-01
2.32826859e-01
2.33072743e-01
2.33316436e-01
2.33557925e-01
2.33797222e-01
2.34034330e-01
2.34269217e-01
2.34501913e-01
2.34732389e-01
2.34960660e-01
2.35186726e-01
2.35410571e-01
2.35632196e-01
2.35851616e-01
2.36068815e-01
2.36283794e-01
2.36496538e-01
2.36707062e-01
2.36915365e-01
2.37121433e-01
2.37325266e-01
2.37526864e-01
2.37726241e-01
2.37923369e-01
2.38118276e-01
2.38310933e-01
2.38501340e-01
2.38689527e-01
2.38875449e-01
2.39059120e-01
2.39240542e-01
2.39419714e-01
2.39596635e-01
2.39771307e-01
2.39943713e-01
2.40113869e-01
2.40281761e-01
2.40447372e-01
2.40610734e-01
2.40771830e-01
2.40930662e-01
2.41087228e-01
2.41241515e-01
2.41393551e-01
2.41543308e-01
2.41690800e-01
2.41836011e-01
2.41978958e-01
2.42119610e-01
2.42257997e-01
2.42394105e-01
2.42527932e-01
2.42659479e-01
2.42788747e-01
2.42915720e-01
2.43040413e-01
2.43162811e-01
2.43282929e-01
2.43400753e-01
2.43516281e-01
2.43629515e-01
2.43740469e-01
2.43849128e-01
2.43955493e-01
2.44059578e-01
2.44161353e-01
2.44260833e-01
2.44358018e-01
2.44452894e-01
2.44545504e-01
2.44635805e-01
2.44723797e-01
2.44809508e-01
2.44892910e-01
2.44974002e-01
2.45052800e-01
2.45129302e-01
2.45203495e-01
2.45275378e-01
2.45344982e-01
2.45412275e-01
2.45477244e-01
2.45539933e-01
2.45600298e-01
2.45658368e-01
2.45714098e-01
2.45767519e-01
2.45818600e-01
2.45867372e-01
2.45913804e-01
2.45957911e-01
2.45999709e-01
2.46039167e-01
2.46076301e-01
2.46111125e-01
2.46143609e-01
2.46173784e-01
2.46201620e-01
2.46227145e-01
2.46250331e-01
2.46271193e-01
2.46289745e-01
2.46305957e-01
2.46319845e-01
2.46331424e-01
2.46340662e-01
2.46347591e-01
2.46352181e-01
2.46354461e-01
2.46354401e-01
2.46352017e-01
2.46347323e-01
2.46340290e-01
2.46330932e-01
2.46319264e-01
2.46305257e-01
2.46288940e-01
2.46270299e-01
2.46249333e-01
2.46226072e-01
2.46200487e-01
2.46172592e-01
2.46142372e-01
2.46109843e-01
2.46074989e-01
2.46037826e-01
2.45998338e-01
2.45956555e-01
2.45912448e-01
2.45866030e-01
2.45817304e-01
2.45766252e-01
2.45712891e-01
2.45657220e-01
2.45599225e-01
2.45538920e-01
2.45476291e-01
2.45411351e-01
2.45344102e-01
2.45274559e-01
2.45202705e-01
2.45128542e-01
2.45052084e-01
2.44973302e-01
2.44892240e-01
2.44808897e-01
2.44723231e-01
2.44635269e-01
2.44545013e-01
2.44452462e-01
2.44357601e-01
2.44260475e-01
2.44161025e-01
2.44059294e-01
2.43955255e-01
2.43848920e-01
2.43740290e-01
2.43629366e-01
2.43516162e-01
2.43400648e-01
2.43282869e-01
2.43162781e-01
2.43040398e-01
2.42915750e-01
2.42788807e-01
2.42659584e-01
2.42528081e-01
2.42394269e-01
2.42258206e-01
2.42119849e-01
2.41979212e-01
2.41836295e-01
2.41691113e-01
2.41543666e-01
2.41393924e-01
2.41241917e-01
2.41087645e-01
2.40931094e-01
2.40772277e-01
2.40611196e-01
2.40447849e-01
2.40282238e-01
2.40114376e-01
2.39944249e-01
2.39771858e-01
2.39597201e-01
2.39420310e-01
2.39241138e-01
2.39059731e-01
2.38876075e-01
2.38690168e-01
2.38502011e-01
2.38311604e-01
2.38118961e-01
2.37924084e-01
2.37726957e-01
2.37527594e-01
2.37326011e-01
2.37122178e-01
2.36916125e-01
2.36707836e-01
2.36497313e-01
2.36284569e-01
2.36069605e-01
2.35852405e-01
2.35632986e-01
2.35411346e-01
2.35187516e-01
2.34961450e-01
2.34733179e-01
2.34502718e-01
2.34270021e-01
2.34035134e-01
2.33798057e-01
2.33558759e-01
2.33317271e-01
2.33073577e-01
2.32827678e-01
2.32579589e-01
2.32329324e-01
2.32076854e-01
2.31822222e-01
2.31565386e-01
2.31306374e-01
2.31045187e-01
2.30781808e-01
2.30516270e-01
2.30248541e-01
2.29978636e-01
2.29706571e-01
2.29432330e-01
2.29155943e-01
2.28877410e-01
2.28596732e-01
2.28313923e-01
2.28028953e-01
2.27741852e-01
2.27452591e-01
2.27161199e-01
2.26867661e-01
2.26571992e-01
2.26274192e-01
2.25974262e-01
2.25672200e-01
2.25368023e-01
2.25061715e-01
2.24753305e-01
2.24442765e-01
2.24130139e-01
2.23815382e-01
2.23498523e-01
2.23179549e-01
2.22858474e-01
2.22535297e-01
2.22210020e-01
2.21882671e-01
2.21553221e-01
2.21221700e-01
2.20888093e-01
2.20552400e-01
2.20214620e-01
2.19874769e-01
2.19532847e-01
2.19188854e-01
2.18842790e-01
2.18494698e-01
2.18144536e-01
2.17792332e-01
2.17438072e-01
2.17081755e-01
2.16723397e-01
2.16362998e-01
2.16000557e-01
2.15636075e-01
2.15269580e-01
2.14901045e-01
2.14530483e-01
2.14157894e-01
2.13783309e-01
2.13406697e-01
2.13028073e-01
2.12647453e-01
2.12264821e-01
2.11880192e-01
2.11493552e-01
2.11104944e-01
2.10714325e-01
2.10321724e-01
2.09927171e-01
2.09530607e-01
2.09132090e-01
2.08731622e-01
2.08329171e-01
2.07924768e-01
2.07518399e-01
2.07110077e-01
2.06699818e-01
2.06287593e-01
2.05873430e-01
2.05457330e-01
2.05039278e-01
2.04619303e-01
2.04197377e-01
2.03773543e-01
2.03347787e-01
2.02920139e-01
2.02490553e-01
2.02059090e-01
2.01625705e-01
2.01190442e-01
2.00753257e-01
2.00314194e-01
1.99873254e-01
1.99430406e-01
1.98985696e-01
1.98539108e-01
1.98090643e-01
1.97640315e-01
1.97188124e-01
1.96734071e-01
1.96278170e-01
1.95820421e-01
1.95360824e-01
1.94899380e-01
1.94436133e-01
1.93971023e-01
1.93504095e-01
1.93035334e-01
1.92564771e-01
1.92092359e-01
1.91618145e-01
1.91142127e-01
1.90664306e-01
1.90184698e-01
1.89703315e-01
1.89220130e-01
1.88735187e-01
1.88248456e-01
1.87759951e-01
1.87269688e-01
1.86777651e-01
1.86283857e-01
1.85788304e-01
1.85291007e-01
1.84791967e-01
1.84291199e-01
1.83788687e-01
1.83284461e-01
1.82778507e-01
1.82270855e-01
1.81761473e-01
1.81250393e-01
1.80737600e-01
1.80223107e-01
1.79706916e-01
1.79189026e-01
1.78669453e-01
1.78148195e-01
1.77625284e-01
1.77100703e-01
1.76574439e-01
1.76046535e-01
1.75516978e-01
1.74985752e-01
1.74452901e-01
1.73918396e-01
1.73382267e-01
1.72844499e-01
1.72305092e-01
1.71764061e-01
1.71221435e-01
1.70677200e-01
1.70131356e-01
1.69583917e-01
1.69034898e-01
1.68484271e-01
1.67932063e-01
1.67378277e-01
1.66822910e-01
1.66265979e-01
1.65707469e-01
1.65147409e-01
1.64585799e-01
1.64022654e-01
1.63457975e-01
1.62891746e-01
1.62323982e-01
1.61754698e-01
1.61183894e-01
1.60611585e-01
1.60037741e-01
1.59462392e-01
1.58885553e-01
1.58307225e-01
1.57727405e-01
1.57146111e-01
1.56563327e-01
1.55979082e-01
1.55393362e-01
1.54806197e-01
1.54217541e-01
1.53627440e-01
1.53035864e-01
1.52442873e-01
1.51848450e-01
1.51252612e-01
1.50655359e-01
1.50056690e-01
1.49456605e-01
1.48855135e-01
1.48252264e-01
1.47647992e-01
1.47042319e-01
1.46435261e-01
1.45826831e-01
1.45217031e-01
1.44605875e-01
1.43993348e-01
1.43379480e-01
1.42764241e-01
1.42147675e-01
1.41529769e-01
1.40910536e-01
1.40289962e-01
1.39668077e-01
1.39044896e-01
1.38420388e-01
1.37794599e-01
1.37167498e-01
1.36539131e-01
1.35909453e-01
1.35278493e-01
1.34646267e-01
1.34012774e-01
1.33378014e-01
1.32742003e-01
1.32104754e-01
1.31466255e-01
1.30826533e-01
1.30185574e-01
1.29543394e-01
1.28899992e-01
1.28255367e-01
1.27609521e-01
1.26962483e-01
1.26314268e-01
1.25664860e-01
1.25014275e-01
1.24362491e-01
1.23709552e-01
1.23055443e-01
1.22400172e-01
1.21743761e-01
1.21086195e-01
1.20427497e-01
1.19767651e-01
1.19106688e-01
1.18444607e-01
1.17781416e-01
1.17117114e-01
1.16451703e-01
1.15785204e-01
1.15117602e-01
1.14448927e-01
1.13779165e-01
1.13108337e-01
1.12436436e-01
1.11763485e-01
1.11089483e-01
1.10414438e-01
1.09738342e-01
1.09061226e-01
1.08383074e-01
1.07703902e-01
1.07023716e-01
1.06342524e-01
1.05660334e-01
1.04977146e-01
1.04292959e-01
1.03607796e-01
1.02921650e-01
1.02234550e-01
1.01546474e-01
1.00857437e-01
1.00167453e-01
9.94765311e-02
9.87846702e-02
9.80918780e-02
9.73981693e-02
9.67035294e-02
9.60079879e-02
9.53115448e-02
9.46141928e-02
9.39159542e-02
9.32168365e-02
9.25168321e-02
9.18159634e-02
9.11142230e-02
9.04116333e-02
8.97081941e-02
8.90039131e-02
8.82987902e-02
8.75928476e-02
8.68860781e-02
8.61784890e-02
8.54700878e-02
8.47608820e-02
8.40508863e-02
8.33400935e-02
8.26285183e-02
8.19161609e-02
8.12030509e-02
8.04891661e-02
7.97745213e-02
7.90591314e-02
7.83430040e-02
7.76261315e-02
7.69085288e-02
7.61902034e-02
7.54711628e-02
7.47514069e-02
7.40309507e-02
7.33098015e-02
7.25879595e-02
7.18654394e-02
7.11422414e-02
7.04183728e-02
6.96938485e-02
6.89686611e-02
6.82428330e-02
6.75163567e-02
6.67892471e-02
6.60615116e-02
6.53331578e-02
6.46041781e-02
6.38745949e-02
6.31444082e-02
6.24136366e-02
6.16822727e-02
6.09503277e-02
6.02178089e-02
5.94847240e-02
5.87510802e-02
5.80168813e-02
5.72821349e-02
5.65468520e-02
5.58110364e-02
5.50746955e-02
5.43378368e-02
5.36004677e-02
5.28625883e-02
5.21242134e-02
5.13853468e-02
5.06459922e-02
4.99061644e-02
4.91658673e-02
4.84251082e-02
4.76838872e-02
4.69422191e-02
4.62001115e-02
4.54575680e-02
4.47145998e-02
4.39712070e-02
4.32274006e-02
4.24831882e-02
4.17385772e-02
4.09935713e-02
4.02481817e-02
3.95024121e-02
3.87562737e-02
3.80097702e-02
3.72629091e-02
3.65156978e-02
3.57681438e-02
3.50202508e-02
3.42720300e-02
3.35234888e-02
3.27746309e-02
3.20254602e-02
3.12759951e-02
3.05262301e-02
2.97761820e-02
2.90258527e-02
2.82752495e-02
2.75243800e-02
2.67732516e-02
2.60218699e-02
2.52702441e-02
2.45183799e-02
2.37662867e-02
2.30139680e-02
2.22614314e-02
2.15086881e-02
2.07557436e-02
2.00026035e-02
1.92492735e-02
1.84957627e-02
1.77420769e-02
1.69882234e-02
1.62342098e-02
1.54800443e-02
1.47257326e-02
1.39712822e-02
1.32167004e-02
1.24619938e-02
1.17071699e-02
1.09522361e-02
1.01971999e-02
9.44206677e-03
8.68684426e-03
7.93154165e-03
7.17616500e-03
6.42072130e-03
5.66521613e-03
4.90965834e-03
4.15405398e-03
3.39841074e-03
2.64273561e-03
1.88703579e-03
1.13131804e-03
3.75589792e-04
-3.80142039e-04
-1.13587023e-03
-1.89158774e-03
-2.64728768e-03
-3.40296235e-03
-4.15860489e-03
-4.91420878e-03
-5.66976657e-03
-6.42527035e-03
-7.18071405e-03
-7.93609023e-03
-8.69139191e-03
-9.44661163e-03
-1.02017419e-02
-1.09567773e-02
-1.17117083e-02
-1.24665303e-02
-1.32212350e-02
-1.39758149e-02
-1.47302626e-02
-1.54845715e-02
-1.62387360e-02
-1.69927459e-02
-1.77465975e-02
-1.85002796e-02
-1.92537867e-02
-2.00071111e-02
-2.07602475e-02
-2.15131901e-02
-2.22659297e-02
-2.30184607e-02
-2.37707756e-02
-2.45228671e-02
-2.52747312e-02
-2.60263551e-02
-2.67777368e-02
-2.75288615e-02
-2.82797273e-02
-2.90303268e-02
-2.97806542e-02
-3.05307005e-02
-3.12804617e-02
-3.20299268e-02
-3.27790864e-02
-3.35279405e-02
-3.42764780e-02
-3.50246951e-02
-3.57725807e-02
-3.65201309e-02
-3.72673348e-02
-3.80141921e-02
-3.87606882e-02
-3.95068228e-02
-4.02525850e-02
-4.09979708e-02
-4.17429693e-02
-4.24875729e-02
-4.32317741e-02
-4.39755768e-02
-4.47189584e-02
-4.54619229e-02
-4.62044589e-02
-4.69465628e-02
-4.76882234e-02
-4.84294370e-02
-4.91701923e-02
-4.99104857e-02
-5.06503098e-02
-5.13896570e-02
-5.21285161e-02
-5.28668873e-02
-5.36047518e-02
-5.43421172e-02
-5.50789759e-02
-5.58153093e-02
-5.65511212e-02
-5.72863966e-02
-5.80211356e-02
-5.87553307e-02
-5.94889708e-02
-6.02220520e-02
-6.09545670e-02
-6.16865009e-02
-6.24178611e-02
-6.31486326e-02
-6.38788044e-02
-6.46083802e-02
-6.53373525e-02
-6.60657063e-02
-6.67934343e-02
-6.75205365e-02
-6.82469979e-02
-6.89728186e-02
-6.96979910e-02
-7.04225153e-02
-7.11463690e-02
-7.18695596e-02
-7.25920722e-02
-7.33138993e-02
-7.40350410e-02
-7.47554898e-02
-7.54752308e-02
-7.61942640e-02
-7.69125894e-02
-7.76301771e-02
-7.83470422e-02
-7.90631622e-02
-7.97785446e-02
-8.04931745e-02
-8.12070593e-02
-8.19201618e-02
-8.26325044e-02
-8.33440721e-02
-8.40548500e-02
-8.47648382e-02
-8.54740292e-02
-8.61824229e-02
-8.68899971e-02
-8.75967592e-02
-8.83026943e-02
-8.90078023e-02
-8.97120759e-02
-9.04155001e-02
-9.11180750e-02
-9.18197930e-02
-9.25206542e-02
-9.32206437e-02
-9.39197615e-02
-9.46179926e-02
-9.53153223e-02
-9.60117579e-02
-9.67072845e-02
-9.74019021e-02
-9.80956107e-02
-9.87883881e-02
-9.94802266e-02
-1.00171134e-01
-1.00861095e-01
-1.01550117e-01
-1.02238178e-01
-1.02925271e-01
-1.03611387e-01
-1.04296535e-01
-1.04980700e-01
-1.05663873e-01
-1.06346056e-01
-1.07027240e-01
-1.07707404e-01
-1.08386561e-01
-1.09064691e-01
-1.09741807e-01
-1.10417880e-01
-1.11092918e-01
-1.11766905e-01
-1.12439841e-01
-1.13111712e-01
-1.13782525e-01
-1.14452265e-01
-1.15120932e-01
-1.15788504e-01
-1.16454989e-01
-1.17120378e-01
-1.17784671e-01
-1.18447855e-01
-1.19109921e-01
-1.19770862e-01
-1.20430671e-01
-1.21089362e-01
-1.21746898e-01
-1.22403286e-01
-1.23058520e-01
-1.23712599e-01
-1.24365516e-01
-1.25017256e-01
-1.25667840e-01
-1.26317218e-01
-1.26965433e-01
-1.27612442e-01
-1.28258258e-01
-1.28902867e-01
-1.29546255e-01
-1.30188420e-01
-1.30829364e-01
-1.31469086e-01
-1.32107556e-01
-1.32744804e-01
-1.33380786e-01
-1.34015530e-01
-1.34649023e-01
-1.35281220e-01
-1.35912165e-01
-1.36541814e-01
-1.37170181e-01
-1.37797266e-01
-1.38423026e-01
-1.39047503e-01
-1.39670685e-01
-1.40292540e-01
-1.40913084e-01
-1.41532302e-01
-1.42150179e-01
-1.42766714e-01
-1.43381923e-01
-1.43995777e-01
-1.44608274e-01
-1.45219415e-01
-1.45829201e-01
-1.46437600e-01
-1.47044629e-01
-1.47650287e-01
-1.48254544e-01
-1.48857400e-01
-1.49458840e-01
-1.50058895e-01
-1.50657550e-01
-1.51254773e-01
-1.51850581e-01
-1.52444988e-01
-1.53037950e-01
-1.53629482e-01
-1.54219568e-01
-1.54808179e-01
-1.55395329e-01
-1.55981004e-01
-1.56565219e-01
-1.57147959e-01
-1.57729238e-01
-1.58309013e-01
-1.58887312e-01
-1.59464121e-01
-1.60039440e-01
-1.60613254e-01
-1.61185533e-01
-1.61756307e-01
-1.62325576e-01
-1.62893295e-01
-1.63459495e-01
-1.64024144e-01
-1.64587274e-01
-1.65148839e-01
-1.65708870e-01
-1.66267335e-01
-1.66824237e-01
-1.67379573e-01
-1.67933330e-01
-1.68485492e-01
-1.69036090e-01
-1.69585079e-01
-1.70132473e-01
-1.70678288e-01
-1.71222508e-01
-1.71765104e-01
-1.72306091e-01
-1.72845453e-01
-1.73383206e-01
-1.73919320e-01
-1.74453795e-01
-1.74986631e-01
-1.75517812e-01
-1.76047355e-01
-1.76575214e-01
-1.77101433e-01
-1.77625999e-01
-1.78148896e-01
-1.78670108e-01
-1.79189652e-01
-1.79707497e-01
-1.80223659e-01
-1.80738121e-01
-1.81250870e-01
-1.81761935e-01
-1.82271272e-01
-1.82778910e-01
-1.83284849e-01
-1.83789045e-01
-1.84291512e-01
-1.84792250e-01
-1.85291275e-01
-1.85788527e-01
-1.86284065e-01
-1.86777830e-01
-1.87269837e-01
-1.87760070e-01
-1.88248560e-01
-1.88735262e-01
-1.89220190e-01
-1.89703345e-01
-1.90184712e-01
-1.90664276e-01
-1.91142067e-01
-1.91618055e-01
-1.92092225e-01
-1.92564577e-01
-1.93035111e-01
-1.93503812e-01
-1.93970710e-01
-1.94435760e-01
-1.94898993e-01
-1.95360363e-01
-1.95819899e-01
-1.96277589e-01
-1.96733445e-01
-1.97187454e-01
-1.97639599e-01
-1.98089883e-01
-1.98538303e-01
-1.98984846e-01
-1.99429527e-01
-1.99872315e-01
-2.00313240e-01
-2.00752258e-01
-2.01189384e-01
-2.01624617e-01
-2.02057943e-01
-2.02489391e-01
-2.02918932e-01
-2.03346550e-01
-2.03772262e-01
-2.04196066e-01
-2.04617947e-01
-2.05037892e-01
-2.05455899e-01
-2.05871969e-01
-2.06286103e-01
-2.06698284e-01
-2.07108527e-01
-2.07516789e-01
-2.07923114e-01
-2.08327502e-01
-2.08729893e-01
-2.09130347e-01
-2.09528819e-01
-2.09925324e-01
-2.10319847e-01
-2.10712388e-01
-2.11102962e-01
-2.11491525e-01
-2.11878121e-01
-2.12262720e-01
-2.12645307e-01
-2.13025883e-01
-2.13404462e-01
-2.13781044e-01
-2.14155585e-01
-2.14528129e-01
-2.14898631e-01
-2.15267122e-01
-2.15633586e-01
-2.15998009e-01
-2.16360405e-01
-2.16720760e-01
-2.17079073e-01
-2.17435345e-01
-2.17789575e-01
-2.18141750e-01
-2.18491882e-01
-2.18839943e-01
-2.19185948e-01
-2.19529897e-01
-2.19871774e-01
-2.20211580e-01
-2.20549315e-01
-2.20884979e-01
-2.21218571e-01
-2.21550047e-01
-2.21879467e-01
-2.22206771e-01
-2.22532004e-01
-2.22855136e-01
-2.23176166e-01
-2.23495111e-01
-2.23811939e-01
-2.24126667e-01
-2.24439278e-01
-2.24749774e-01
-2.25058153e-01
-2.25364432e-01
-2.25668579e-01
-2.25970596e-01
-2.26270482e-01
-2.26568252e-01
-2.26863876e-01
-2.27157369e-01
-2.27448732e-01
-2.27737933e-01
-2.28025004e-01
-2.28309929e-01
-2.28592724e-01
-2.28873372e-01
-2.29151845e-01
-2.29428187e-01
-2.29702368e-01
-2.29974374e-01
-2.30244234e-01
-2.30511919e-01
-2.30777413e-01
-2.31040731e-01
-2.31301874e-01
-2.31560856e-01
-2.31817648e-01
-2.32072249e-01
-2.32324675e-01
-2.32574895e-01
-2.32822955e-01
-2.33068794e-01
-2.33312458e-01
-2.33553901e-01
-2.33793169e-01
-2.34030217e-01
-2.34265089e-01
-2.34497741e-01
-2.34728187e-01
-2.34956428e-01
-2.35182464e-01
-2.35406265e-01
-2.35627860e-01
-2.35847220e-01
-2.36064374e-01
-2.36279309e-01
-2.36492023e-01
-2.36702517e-01
-2.36910775e-01
-2.37116814e-01
-2.37320602e-01
-2.37522170e-01
-2.37721503e-01
-2.37918600e-01
-2.38113463e-01
-2.38306090e-01
-2.38496467e-01
-2.38684595e-01
-2.38870487e-01
-2.39054129e-01
-2.39235520e-01
-2.39414662e-01
-2.39591539e-01
-2.39766181e-01
-2.39938557e-01
-2.40108669e-01
-2.40276530e-01
-2.40442112e-01
-2.40605444e-01
-2.40766525e-01
-2.40925312e-01
-2.41081849e-01
-2.41236106e-01
-2.41388112e-01
-2.41537839e-01
-2.41685301e-01
-2.41830483e-01
-2.41973400e-01
-2.42114052e-01
-2.42252409e-01
-2.42388487e-01
-2.42522284e-01
-2.42653802e-01
-2.42783040e-01
-2.42909983e-01
-2.43034661e-01
-2.43157044e-01
-2.43277133e-01
-2.43394941e-01
-2.43510470e-01
-2.43623704e-01
-2.43734643e-01
-2.43843272e-01
-2.43949637e-01
-2.44053677e-01
-2.44155452e-01
-2.44254932e-01
-2.44352087e-01
-2.44446978e-01
-2.44539544e-01
-2.44629830e-01
-2.44717807e-01
-2.44803488e-01
-2.44886860e-01
-2.44967952e-01
-2.45046735e-01
-2.45123222e-01
-2.45197415e-01
-2.45269299e-01
-2.45338887e-01
-2.45406166e-01
-2.45471135e-01
-2.45533809e-01
-2.45594159e-01
-2.45652214e-01
-2.45707944e-01
-2.45761365e-01
-2.45812446e-01
-2.45861217e-01
-2.45907649e-01
-2.45951772e-01
-2.45993555e-01
-2.46033013e-01
-2.46070161e-01
-2.46104971e-01
-2.46137455e-01
-2.46167630e-01
-2.46195465e-01
-2.46220991e-01
-2.46244177e-01
-2.46265054e-01
-2.46283591e-01
-2.46299803e-01
-2.46313706e-01
-2.46325269e-01
-2.46334508e-01
-2.46341437e-01
-2.46346027e-01
-2.46348307e-01
-2.46348247e-01
-2.46345878e-01
-2.46341169e-01
-2.46334136e-01
-2.46324793e-01
-2.46313110e-01
-2.46299103e-01
-2.46282786e-01
-2.46264130e-01
-2.46243164e-01
-2.46219859e-01
-2.46194243e-01
-2.46166289e-01
-2.46136010e-01
-2.46103421e-01
-2.46068493e-01
-2.46031240e-01
-2.45991677e-01
-2.45949775e-01
-2.45905563e-01
-2.45859027e-01
-2.45810181e-01
-2.45759025e-01
-2.45705545e-01
-2.45649770e-01
-2.45591685e-01
-2.45531291e-01
-2.45468587e-01
-2.45403573e-01
-2.45336264e-01
-2.45266646e-01
-2.45194748e-01
-2.45120540e-01
-2.45044038e-01
-2.44965240e-01
-2.44884133e-01
-2.44800732e-01
-2.44715035e-01
-2.44627029e-01
-2.44536728e-01
-2.44444132e-01
-2.44349226e-01
-2.44252041e-01
-2.44152561e-01
-2.44050801e-01
-2.43946731e-01
-2.43840352e-01
-2.43731692e-01
-2.43620723e-01
-2.43507475e-01
-2.43391946e-01
-2.43274122e-01
-2.43154004e-01
-2.43031606e-01
-2.42906928e-01
-2.42779940e-01
-2.42650673e-01
-2.42519140e-01
-2.42385313e-01
-2.42249206e-01
-2.42110804e-01
-2.41970152e-01
-2.41827205e-01
-2.41681993e-01
-2.41534516e-01
-2.41384760e-01
-2.41232723e-01
-2.41078436e-01
-2.40921870e-01
-2.40763023e-01
-2.40601912e-01
-2.40438551e-01
-2.40272924e-01
-2.40105033e-01
-2.39934891e-01
-2.39762470e-01
-2.39587814e-01
-2.39410877e-01
-2.39231706e-01
-2.39050284e-01
-2.38866612e-01
-2.38680676e-01
-2.38492504e-01
-2.38302067e-01
-2.38109410e-01
-2.37914518e-01
-2.37717375e-01
-2.37518013e-01
-2.37316400e-01
-2.37112567e-01
-2.36906499e-01
-2.36698210e-01
-2.36487672e-01
-2.36274913e-01
-2.36059934e-01
-2.35842735e-01
-2.35623315e-01
-2.35401675e-01
-2.35177830e-01
-2.34951749e-01
-2.34723479e-01
-2.34492987e-01
-2.34260306e-01
-2.34025419e-01
-2.33788326e-01
-2.33549029e-01
-2.33307511e-01
-2.33063832e-01
-2.32817933e-01
-2.32569858e-01
-2.32319579e-01
-2.32067123e-01
-2.31812477e-01
-2.31555641e-01
-2.31296629e-01
-2.31035441e-01
-2.30772063e-01
-2.30506510e-01
-2.30238780e-01
-2.29968876e-01
-2.29696810e-01
-2.29422599e-01
-2.29146212e-01
-2.28867680e-01
-2.28587016e-01
-2.28304192e-01
-2.28019238e-01
-2.27732122e-01
-2.27442876e-01
-2.27151468e-01
-2.26857945e-01
-2.26562262e-01
-2.26264462e-01
-2.25964531e-01
-2.25662485e-01
-2.25358307e-01
-2.25052014e-01
-2.24743590e-01
-2.24433064e-01
-2.24120423e-01
-2.23805666e-01
-2.23488793e-01
-2.23169833e-01
-2.22848743e-01
-2.22525597e-01
-2.22200334e-01
-2.21872970e-01
-2.21543521e-01
-2.21212000e-01
-2.20878378e-01
-2.20542684e-01
-2.20204920e-01
-2.19865069e-01
-2.19523177e-01
-2.19179198e-01
-2.18833148e-01
-2.18485042e-01
-2.18134895e-01
-2.17782691e-01
-2.17428431e-01
-2.17072114e-01
-2.16713756e-01
-2.16353357e-01
-2.15990931e-01
-2.15626463e-01
-2.15259954e-01
-2.14891434e-01
-2.14520887e-01
-2.14148328e-01
-2.13773727e-01
-2.13397145e-01
-2.13018537e-01
-2.12637946e-01
-2.12255329e-01
-2.11870715e-01
-2.11484104e-01
-2.11095497e-01
-2.10704893e-01
-2.10312322e-01
-2.09917769e-01
-2.09521249e-01
-2.09122747e-01
-2.08722293e-01
-2.08319843e-01
-2.07915455e-01
-2.07509100e-01
-2.07100794e-01
-2.06690520e-01
-2.06278339e-01
-2.05864191e-01
-2.05448106e-01
-2.05030069e-01
-2.04610109e-01
-2.04188198e-01
-2.03764364e-01
-2.03338623e-01
-2.02910975e-01
-2.02481434e-01
-2.02049971e-01
-2.01616615e-01
-2.01181367e-01
-2.00744227e-01
-2.00305194e-01
-1.99864253e-01
-1.99421450e-01
-1.98976755e-01
-1.98530182e-01
-1.98081747e-01
-1.97631434e-01
-1.97179258e-01
-1.96725234e-01
-1.96269363e-01
-1.95811629e-01
-1.95352063e-01
-1.94890648e-01
-1.94427386e-01
-1.93962321e-01
-1.93495408e-01
-1.93026662e-01
-1.92556098e-01
-1.92083716e-01
-1.91609547e-01
-1.91133544e-01
-1.90655753e-01
-1.90176174e-01
-1.89694807e-01
-1.89211667e-01
-1.88726738e-01
-1.88240021e-01
-1.87751547e-01
-1.87261298e-01
-1.86769292e-01
-1.86275512e-01
-1.85779989e-01
-1.85282707e-01
-1.84783697e-01
-1.84282959e-01
-1.83780476e-01
-1.83276281e-01
-1.82770357e-01
-1.82262734e-01
-1.81753367e-01
-1.81242302e-01
-1.80729523e-01
-1.80215061e-01
-1.79698884e-01
-1.79181039e-01
-1.78661495e-01
-1.78140283e-01
-1.77617401e-01
-1.77092835e-01
-1.76566601e-01
-1.76038727e-01
-1.75509185e-01
-1.74978003e-01
-1.74445167e-01
-1.73910707e-01
-1.73374593e-01
-1.72836840e-01
-1.72297478e-01
-1.71756491e-01
-1.71213895e-01
-1.70669690e-01
-1.70123875e-01
-1.69576466e-01
-1.69027448e-01
-1.68476850e-01
-1.67924672e-01
-1.67370930e-01
-1.66815594e-01
-1.66258678e-01
-1.65700197e-01
-1.65140182e-01
-1.64578602e-01
-1.64015487e-01
-1.63450837e-01
-1.62884638e-01
-1.62316918e-01
-1.61747664e-01
-1.61176890e-01
-1.60604581e-01
-1.60030782e-01
-1.59455478e-01
-1.58878669e-01
-1.58300370e-01
-1.57720581e-01
-1.57139316e-01
-1.56556576e-01
-1.55972376e-01
-1.55386686e-01
-1.54799536e-01
-1.54210925e-01
-1.53620854e-01
-1.53029338e-01
-1.52436376e-01
-1.51841998e-01
-1.51246190e-01
-1.50648966e-01
-1.50050327e-01
-1.49450272e-01
-1.48848832e-01
-1.48245975e-01
-1.47641733e-01
-1.47036090e-01
-1.46429062e-01
-1.45820662e-01
-1.45210892e-01
-1.44599780e-01
-1.43987283e-01
-1.43373445e-01
-1.42758265e-01
-1.42141730e-01
-1.41523868e-01
-1.40904650e-01
-1.40284121e-01
-1.39662266e-01
-1.39039114e-01
-1.38414651e-01
-1.37788877e-01
-1.37161806e-01
-1.36533454e-01
-1.35903820e-01
-1.35272890e-01
-1.34640694e-01
-1.34007230e-01
-1.33372501e-01
-1.32736519e-01
-1.32099301e-01
-1.31460845e-01
-1.30821154e-01
-1.30180225e-01
-1.29538089e-01
-1.28894731e-01
-1.28250137e-01
-1.27604336e-01
-1.26957342e-01
-1.26309142e-01
-1.25659764e-01
-1.25009209e-01
-1.24357484e-01
-1.23704582e-01
-1.23050526e-01
-1.22395307e-01
-1.21738933e-01
-1.21081412e-01
-1.20422758e-01
-1.19762965e-01
-1.19102038e-01
-1.18439995e-01
-1.17776841e-01
-1.17112570e-01
-1.16447195e-01
-1.15780734e-01
-1.15113176e-01
-1.14444539e-01
-1.13774821e-01
-1.13104030e-01
-1.12432182e-01
-1.11759268e-01
-1.11085296e-01
-1.10410288e-01
-1.09734237e-01
-1.09057151e-01
-1.08379036e-01
-1.07699901e-01
-1.07019760e-01
-1.06338605e-01
-1.05656452e-01
-1.04973301e-01
-1.04289159e-01
-1.03604034e-01
-1.02917932e-01
-1.02230862e-01
-1.01542823e-01
-1.00853838e-01
-1.00163899e-01
-9.94730145e-02
-9.87811908e-02
-9.80884433e-02
-9.73947719e-02
-9.67001766e-02
-9.60046723e-02
-9.53082591e-02
-9.46109518e-02
-9.39127579e-02
-9.32136774e-02
-9.25137177e-02
-9.18128937e-02
-9.11111981e-02
-9.04086456e-02
-8.97052437e-02
-8.90009999e-02
-8.82959217e-02
-8.75900164e-02
-8.68832767e-02
-8.61757323e-02
-8.54673758e-02
-8.47582072e-02
-8.40482563e-02
-8.33375007e-02
-8.26259702e-02
-8.19136575e-02
-8.12005848e-02
-8.04867372e-02
-7.97721371e-02
-7.90567845e-02
-7.83406869e-02
-7.76238665e-02
-7.69063011e-02
-7.61880130e-02
-7.54690170e-02
-7.47493058e-02
-7.40288943e-02
-7.33077899e-02
-7.25860000e-02
-7.18635172e-02
-7.11403638e-02
-7.04165399e-02
-6.96920455e-02
-6.89669028e-02
-6.82411119e-02
-6.75146803e-02
-6.67876080e-02
-6.60599098e-02
-6.53315932e-02
-6.46026656e-02
-6.38731271e-02
-6.31429851e-02
-6.24122508e-02
-6.16809279e-02
-6.09490238e-02
-6.02165498e-02
-5.94835058e-02
-5.87499067e-02
-5.80157526e-02
-5.72810546e-02
-5.65458126e-02
-5.58100417e-02
-5.50737455e-02
-5.43369278e-02
-5.35995997e-02
-5.28617688e-02
-5.21234348e-02
-5.13846166e-02
-5.06453067e-02
-4.99055199e-02
-4.91652675e-02
-4.84245494e-02
-4.76833731e-02
-4.69417498e-02
-4.61996868e-02
-4.54571880e-02
-4.47142646e-02
-4.39709164e-02
-4.32271510e-02
-4.24829870e-02
-4.17384170e-02
-4.09934558e-02
-4.02481109e-02
-3.95023860e-02
-3.87562923e-02
-3.80098298e-02
-3.72630134e-02
-3.65158468e-02
-3.57683375e-02
-3.50204930e-02
-3.42723168e-02
-3.35238203e-02
-3.27750035e-02
-3.20258811e-02
-3.12764570e-02
-3.05267386e-02
-2.97767334e-02
-2.90264487e-02
-2.82758884e-02
-2.75250636e-02
-2.67739780e-02
-2.60226410e-02
-2.52710599e-02
-2.45192386e-02
-2.37671863e-02
-2.30149124e-02
-2.22624205e-02
-2.15097200e-02
-2.07568184e-02
-2.00037230e-02
-1.92504358e-02
-1.84969697e-02
-1.77433286e-02
-1.69895198e-02
-1.62355509e-02
-1.54814292e-02
-1.47271613e-02
-1.39727555e-02
-1.32182166e-02
-1.24635538e-02
-1.17087755e-02
-1.09538846e-02
-1.01988921e-02
-9.44380276e-03
-8.68862495e-03
-7.93336704e-03
-7.17803324e-03
-6.42263237e-03
-5.66717051e-03
-4.91165603e-03
-4.15609498e-03
-3.40049458e-03
-2.64486228e-03
-1.88920519e-03
-1.13353017e-03
-3.77844553e-04
3.77844553e-04
1.13353017e-03
