-1.43167330e-03
-4.77225869e-04
4.77225869e-04
1.43167330e-03
2.38610711e-03
3.34051857e-03
4.29489836e-03
5.24923811e-03
6.20352849e-03
7.15776021e-03
8.11192393e-03
9.06601176e-03
1.00200139e-02
1.09739220e-02
1.19277267e-02
1.28814196e-02
1.38349915e-02
1.47884320e-02
1.57417338e-02
1.66948903e-02
1.76478866e-02
1.86007172e-02
1.95533745e-02
2.05058455e-02
2.14581266e-02
2.24102065e-02
2.33620740e-02
2.43137218e-02
2.52651405e-02
2.62163207e-02
2.71672551e-02
2.81179324e-02
2.90683471e-02
3.00184879e-02
3.09683438e-02
3.19179073e-02
3.28671709e-02
3.38161252e-02
3.47647592e-02
3.57130691e-02
3.66610400e-02
3.76086645e-02
3.85559388e-02
3.95028517e-02
4.04493921e-02
4.13955525e-02
4.23413217e-02
4.32866998e-02
4.42316644e-02
4.51762117e-02
4.61203344e-02
4.70640287e-02
4.80072796e-02
4.89500761e-02
4.98924106e-02
5.08342758e-02
5.17756641e-02
5.27165644e-02
5.36569655e-02
5.45968600e-02
5.55362403e-02
5.64750992e-02
5.74134216e-02
5.83512075e-02
5.92884421e-02
6.02251217e-02
6.11612312e-02
6.20967709e-02
6.30317181e-02
6.39660805e-02
6.48998320e-02
6.58329800e-02
6.67655021e-02
6.76973984e-02
6.86286688e-02
6.95592836e-02
7.04892427e-02
7.14185461e-02
7.23471642e-02
7.32751116e-02
7.42023736e-02
7.51289278e-02
7.60547817e-02
7.69799203e-02
7.79043362e-02
7.88280144e-02
7.97509551e-02
8.06731433e-02
8.15945789e-02
8.25152397e-02
8.34351331e-02
8.43542293e-02
8.52725431e-02
8.61900449e-02
8.71067420e-02
8.80226120e-02
8.89376625e-02
8.98518786e-02
9.07652453e-02
9.16777551e-02
9.25894082e-02
9.35001895e-02
9.44100991e-02
9.53191146e-02
9.62272286e-02
9.71344486e-02
9.80407447e-02
9.89461169e-02
9.98505577e-02
1.00754060e-01
1.01656608e-01
1.02558203e-01
1.03458822e-01
1.04358464e-01
1.05257124e-01
1.06154799e-01
1.07051469e-01
1.07947141e-01
1.08841784e-01
1.09735414e-01
1.10628001e-01
1.11519553e-01
1.12410046e-01
1.13299482e-01
1.14187852e-01
1.15075149e-01
1.15961358e-01
1.16846479e-01
1.17730506e-01
1.18613407e-01
1.19495198e-01
1.20375864e-01
1.21255398e-01
1.22133784e-01
1.23011023e-01
1.23887099e-01
1.24762014e-01
1.25635743e-01
1.26508325e-01
1.27379701e-01
1.28249884e-01
1.29118845e-01
1.29986599e-01
1.30853117e-01
1.31718412e-01
1.32582471e-01
1.33445293e-01
1.34306863e-01
1.35167152e-01
1.36026174e-01
1.36883929e-01
1.37740374e-01
1.38595536e-01
1.39449403e-01
1.40301958e-01
1.41153187e-01
1.42003089e-01
1.42851651e-01
1.43698856e-01
1.44544721e-01
1.45389214e-01
1.46232352e-01
1.47074118e-01
1.47914514e-01
1.48753494e-01
1.49591073e-01
1.50427252e-01
1.51262030e-01
1.52095377e-01
1.52927309e-01
1.53757796e-01
1.54586837e-01
1.55414417e-01
1.56240538e-01
1.57065168e-01
1.57888338e-01
1.58710033e-01
1.59530222e-01
1.60348922e-01
1.61166102e-01
1.61981761e-01
1.62795916e-01
1.63608521e-01
1.64419606e-01
1.65229127e-01
1.66037098e-01
1.66843504e-01
1.67648345e-01
1.68451622e-01
1.69253290e-01
1.70053378e-01
1.70851886e-01
1.71648756e-01
1.72444046e-01
1.73237696e-01
1.74029738e-01
1.74820125e-01
1.75608858e-01
1.76395953e-01
1.77181393e-01
1.77965164e-01
1.78747267e-01
1.79527670e-01
1.80306405e-01
1.81083426e-01
1.81858763e-01
1.82632387e-01
1.83404297e-01
1.84174463e-01
1.84942901e-01
1.85709625e-01
1.86474591e-01
1.87237784e-01
1.87999234e-01
1.88758910e-01
1.89516827e-01
1.90272942e-01
1.91027269e-01
1.91779807e-01
1.92530528e-01
1.93279430e-01
1.94026500e-01
1.94771752e-01
1.95515156e-01
1.96256712e-01
1.96996421e-01
1.97734281e-01
1.98470280e-01
1.99204400e-01
1.99936658e-01
2.00667024e-01
2.01395497e-01
2.02122062e-01
2.02846736e-01
2.03569487e-01
2.04290330e-01
2.05009237e-01
2.05726236e-01
2.06441283e-01
2.07154363e-01
2.07865521e-01
2.08574712e-01
2.09281921e-01
2.09987178e-01
2.10690469e-01
2.11391747e-01
2.12091058e-01
2.12788358e-01
2.13483647e-01
2.14176923e-01
2.14868188e-01
2.15557426e-01
2.16244653e-01
2.16929808e-01
2.17612937e-01
2.18294010e-01
2.18973041e-01
2.19649985e-01
2.20324874e-01
2.20997676e-01
2.21668407e-01
2.22337037e-01
2.23003596e-01
2.23668039e-01
2.24330381e-01
2.24990621e-01
2.25648731e-01
2.26304710e-01
2.26958573e-01
2.27610275e-01
2.28259847e-01
2.28907272e-01
2.29552552e-01
2.30195686e-01
2.30836630e-01
2.31475398e-01
2.32111976e-01
2.32746392e-01
2.33378589e-01
2.34008595e-01
2.34636396e-01
2.35261992e-01
2.35885367e-01
2.36506522e-01
2.37125456e-01
2.37742141e-01
2.38356605e-01
2.38968804e-01
2.39578784e-01
2.40186483e-01
2.40791932e-01
2.41395101e-01
2.41996020e-01
2.42594644e-01
2.43191004e-01
2.43785053e-01
2.44376808e-01
2.44966269e-01
2.45553419e-01
2.46138260e-01
2.46720776e-01
2.47300982e-01
2.47878835e-01
2.48454392e-01
2.49027610e-01
2.49598458e-01
2.50166982e-01
2.50733137e-01
2.51296937e-01
2.51858354e-01
2.52417445e-01
2.52974153e-01
2.53528476e-01
2.54080445e-01
2.54630029e-01
2.55177259e-01
2.55722076e-01
2.56264478e-01
2.56804466e-01
2.57341981e-01
2.57877111e-01
2.58409768e-01
2.58939981e-01
2.59467781e-01
2.59993106e-01
2.60516018e-01
2.61036456e-01
2.61554450e-01
2.62069970e-01
2.62583017e-01
2.63093621e-01
2.63601720e-01
2.64107376e-01
2.64610529e-01
2.65111238e-01
2.65609443e-01
2.66105145e-01
2.66598344e-01
2.67089069e-01
2.67577261e-01
2.68062949e-01
2.68546134e-01
2.69026786e-01
2.69504875e-01
2.69980431e-01
2.70453423e-01
2.70923883e-01
2.71391779e-01
2.71857113e-01
2.72319913e-01
2.72780120e-01
2.73237795e-01
2.73692846e-01
2.74145335e-01
2.74595231e-01
2.75042564e-01
2.75487334e-01
2.75929511e-01
2.76369065e-01
2.76806027e-01
2.77240396e-01
2.77672172e-01
2.78101355e-01
2.78527886e-01
2.78951824e-01
2.79373139e-01
2.79791802e-01
2.80207872e-01
2.80621320e-01
2.81032085e-01
2.81440258e-01
2.81845778e-01
2.82248586e-01
2.82648742e-01
2.83046246e-01
2.83441067e-01
2.83833206e-01
2.84222662e-01
2.84609467e-01
2.84993559e-01
2.85374999e-01
2.85753727e-01
2.86129802e-01
2.86503136e-01
2.86873817e-01
2.87241757e-01
2.87607044e-01
2.87969619e-01
2.88329452e-01
2.88686633e-01
2.89041072e-01
2.89392799e-01
2.89741784e-01
2.90088058e-01
2.90431619e-01
2.90772438e-01
2.91110516e-01
2.91445881e-01
2.91778475e-01
2.92108357e-01
2.92435497e-01
2.92759895e-01
2.93081552e-01
2.93400466e-01
2.93716639e-01
2.94030041e-01
2.94340670e-01
2.94648528e-01
2.94953614e-01
2.95255899e-01
2.95555413e-01
2.95852184e-01
2.96146154e-01
2.96437293e-01
2.96725631e-01
2.97011167e-01
2.97293931e-01
2.97573894e-01
2.97851056e-01
2.98125416e-01
2.98396945e-01
2.98665702e-01
2.98931628e-01
2.99194783e-01
2.99455106e-01
2.99712628e-01
2.99967319e-01
3.00219208e-01
3.00468266e-01
3.00714493e-01
3.00957888e-01
3.01198483e-01
3.01436245e-01
3.01671207e-01
3.01903307e-01
3.02132607e-01
3.02359045e-01
3.02582681e-01
3.02803487e-01
3.03021461e-01
3.03236574e-01
3.03448886e-01
3.03658366e-01
3.03864986e-01
3.04068774e-01
3.04269701e-01
3.04467797e-01
3.04663062e-01
3.04855496e-01
3.05045098e-01
3.05231869e-01
3.05415809e-01
3.05596918e-01
3.05775195e-01
3.05950642e-01
3.06123257e-01
3.06293011e-01
3.06459934e-01
3.06623995e-01
3.06785136e-01
3.06943327e-01
3.07098597e-01
3.07250917e-01
3.07400316e-01
3.07546794e-01
3.07690352e-01
3.07831019e-01
3.07968765e-01
3.08103591e-01
3.08235466e-01
3.08364391e-01
3.08490366e-01
3.08613390e-01
3.08733463e-01
3.08850616e-01
3.08964849e-01
3.09076160e-01
3.09184521e-01
3.09289962e-01
3.09392482e-01
3.09492081e-01
3.09588730e-01
3.09682459e-01
3.09773266e-01
3.09861153e-01
3.09946090e-01
3.10028106e-01
3.10107201e-01
3.10183376e-01
3.10256600e-01
3.10326904e-01
3.10394287e-01
3.10458750e-01
3.10520262e-01
3.10578823e-01
3.10634464e-01
3.10687184e-01
3.10736984e-01
3.10783833e-01
3.10827762e-01
3.10868770e-01
3.10906857e-01
3.10941994e-01
3.10974211e-01
3.11003506e-01
3.11029881e-01
3.11053306e-01
3.11073810e-01
3.11091393e-01
3.11106056e-01
3.11117768e-01
3.11126560e-01
3.11132431e-01
3.11135381e-01
3.11135381e-01
3.11132431e-01
3.11126560e-01
3.11117768e-01
3.11106056e-01
3.11091393e-01
3.11073810e-01
3.11053306e-01
3.11029881e-01
3.11003506e-01
3.10974211e-01
3.10941994e-01
3.10906857e-01
3.10868770e-01
3.10827762e-01
3.10783833e-01
3.10736984e-01
3.10687184e-01
3.10634464e-01
3.10578823e-01
3.10520262e-01
3.10458750e-01
3.10394287e-01
3.10326904e-01
3.10256600e-01
3.10183376e-01
3.10107231e-01
3.10028166e-01
3.09946179e-01
3.09861273e-01
3.09773445e-01
3.09682697e-01
3.09588999e-01
3.09492350e-01
3.09392780e-01
3.09290290e-01
3.09184879e-01
3.09076518e-01
3.08965236e-01
3.08851033e-01
3.08733910e-01
3.08613837e-01
3.08490843e-01
3.08364928e-01
3.08236092e-01
3.08104306e-01
3.07969600e-01
3.07831973e-01
3.07691425e-01
3.07547927e-01
3.07401508e-01
3.07252169e-01
3.07099909e-01
3.06944728e-01
3.06786597e-01
3.06625545e-01
3.06461602e-01
3.06294799e-01
3.06125134e-01
3.05952579e-01
3.05777192e-01
3.05598974e-01
3.05417895e-01
3.05233985e-01
3.05047244e-01
3.04857641e-01
3.04665208e-01
3.04469943e-01
3.04271847e-01
3.04070920e-01
3.03867191e-01
3.03660631e-01
3.03451240e-01
3.03239018e-01
3.03023934e-01
3.02806050e-01
3.02585334e-01
3.02361816e-01
3.02135438e-01
3.01906258e-01
3.01674217e-01
3.01439375e-01
3.01201731e-01
3.00961196e-01
3.00717860e-01
3.00471693e-01
3.00222725e-01
2.99970895e-01
2.99716264e-01
2.99458832e-01
2.99198538e-01
2.98935473e-01
2.98669577e-01
2.98400909e-01
2.98129410e-01
2.97855109e-01
2.97578037e-01
2.97298133e-01
2.97015429e-01
2.96729892e-01
2.96441615e-01
2.96150506e-01
2.95856625e-01
2.95559973e-01
2.95260519e-01
2.94958264e-01
2.94653207e-01
2.94345379e-01
2.94034779e-01
2.93721437e-01
2.93405324e-01
2.93086439e-01
2.92764813e-01
2.92440474e-01
2.92113364e-01
2.91783541e-01
2.91450977e-01
2.91115671e-01
2.90777594e-01
2.90436834e-01
2.90093333e-01
2.89747089e-01
2.89398134e-01
2.89046466e-01
2.88692087e-01
2.88334966e-01
2.87975162e-01
2.87612617e-01
2.87247390e-01
2.86879420e-01
2.86508799e-01
2.86135465e-01
2.85759449e-01
2.85380781e-01
2.84999400e-01
2.84615308e-01
2.84228563e-01
2.83839107e-01
2.83447027e-01
2.83052266e-01
2.82654822e-01
2.82254696e-01
2.81851888e-01
2.81446397e-01
2.81038254e-01
2.80627489e-01
2.80214071e-01
2.79798031e-01
2.79379368e-01
2.78958082e-01
2.78534174e-01
2.78107673e-01
2.77678549e-01
2.77246803e-01
2.76812464e-01
2.76375532e-01
2.75935978e-01
2.75493860e-01
2.75049120e-01
2.74601817e-01
2.74151891e-01
2.73699433e-01
2.73244381e-01
2.72786766e-01
2.72326589e-01
2.71863818e-01
2.71398485e-01
2.70930588e-01
2.70460159e-01
2.69987136e-01
2.69511610e-01
2.69033521e-01
2.68552929e-01
2.68069774e-01
2.67584085e-01
2.67095894e-01
2.66605228e-01
2.66112030e-01
2.65616357e-01
2.65118182e-01
2.64617532e-01
2.64114380e-01
2.63608754e-01
2.63100654e-01
2.62590110e-01
2.62077063e-01
2.61561543e-01
2.61043578e-01
2.60523140e-01
2.60000288e-01
2.59474963e-01
2.58947194e-01
2.58416981e-01
2.57884324e-01
2.57349253e-01
2.56811738e-01
2.56271780e-01
2.55729377e-01
2.55184591e-01
2.54637390e-01
2.54087806e-01
2.53535837e-01
2.52981514e-01
2.52424806e-01
2.51865745e-01
2.51304269e-01
2.50740498e-01
2.50174314e-01
2.49605805e-01
2.49034956e-01
2.48461753e-01
2.47886196e-01
2.47308329e-01
2.46728122e-01
2.46145591e-01
2.45560750e-01
2.44973585e-01
2.44384125e-01
2.43792355e-01
2.43198305e-01
2.42601946e-01
2.42003307e-01
2.41402388e-01
2.40799204e-01
2.40193740e-01
2.39586025e-01
2.38976032e-01
2.38363802e-01
2.37749338e-01
2.37132609e-01
2.36513674e-01
2.35892504e-01
2.35269114e-01
2.34643504e-01
2.34015688e-01
2.33385682e-01
2.32753456e-01
2.32119039e-01
2.31482446e-01
2.30843663e-01
2.30202690e-01
2.29559556e-01
2.28914261e-01
2.28266805e-01
2.27617219e-01
2.26965487e-01
2.26311639e-01
2.25655645e-01
2.24997535e-01
2.24337295e-01
2.23674953e-01
2.23010495e-01
2.22343922e-01
2.21675277e-01
2.21004546e-01
2.20331728e-01
2.19656825e-01
2.18979865e-01
2.18300819e-01
2.17619732e-01
2.16936588e-01
2.16251418e-01
2.15564206e-01
2.14874968e-01
2.14183688e-01
2.13490412e-01
2.12795109e-01
2.12097794e-01
2.11398497e-01
2.10697174e-01
2.09993899e-01
2.09288612e-01
2.08581373e-01
2.07872167e-01
2.07161009e-01
2.06447884e-01
2.05732822e-01
2.05015823e-01
2.04296887e-01
2.03576028e-01
2.02853248e-01
2.02128559e-01
2.01401964e-01
2.00673476e-01
1.99943081e-01
1.99210823e-01
1.98476687e-01
1.97740674e-01
1.97002798e-01
1.96263060e-01
1.95521474e-01
1.94778055e-01
1.94032788e-01
1.93285689e-01
1.92536786e-01
1.91786066e-01
1.91033542e-01
1.90279201e-01
1.89523071e-01
1.88765138e-01
1.88005462e-01
1.87243998e-01
1.86480761e-01
1.85715780e-01
1.84949055e-01
1.84180573e-01
1.83410376e-01
1.82638437e-01
1.81864798e-01
1.81089446e-01
1.80312410e-01
1.79533660e-01
1.78753227e-01
1.77971095e-01
1.77187309e-01
1.76401839e-01
1.75614715e-01
1.74825951e-01
1.74035534e-01
1.73243478e-01
1.72449797e-01
1.71654478e-01
1.70857549e-01
1.70059025e-01
1.69258907e-01
1.68457195e-01
1.67653903e-01
1.66849032e-01
1.66042581e-01
1.65234566e-01
1.64425015e-01
1.63613901e-01
1.62801266e-01
1.61987096e-01
1.61171392e-01
1.60354167e-01
1.59535438e-01
1.58715203e-01
1.57893494e-01
1.57070294e-01
1.56245619e-01
1.55419469e-01
1.54591858e-01
1.53762788e-01
1.52932256e-01
1.52100295e-01
1.51266918e-01
1.50432110e-01
1.49595886e-01
1.48758262e-01
1.47919223e-01
1.47078812e-01
1.46237016e-01
1.45393834e-01
1.44549295e-01
1.43703401e-01
1.42856166e-01
1.42007560e-01
1.41157627e-01
1.40306368e-01
1.39453784e-01
1.38599902e-01
1.37744695e-01
1.36888206e-01
1.36030436e-01
1.35171369e-01
1.34311035e-01
1.33449420e-01
1.32586569e-01
1.31722480e-01
1.30857140e-01
1.29990593e-01
1.29122794e-01
1.28253788e-01
1.27383560e-01
1.26512140e-01
1.25639543e-01
1.24765769e-01
1.23890810e-01
1.23014681e-01
1.22137405e-01
1.21258967e-01
1.20379396e-01
1.19498685e-01
1.18616857e-01
1.17733903e-01
1.16849847e-01
1.15964688e-01
1.15078434e-01
1.14191100e-01
1.13302685e-01
1.12413205e-01
1.11522667e-01
1.10631078e-01
1.09738447e-01
1.08844779e-01
1.07950091e-01
1.07054375e-01
1.06157660e-01
1.05259940e-01
1.04361229e-01
1.03461534e-01
1.02560863e-01
1.01659238e-01
1.00756645e-01
9.98531058e-02
9.89486277e-02
9.80432108e-02
9.71368775e-02
9.62296203e-02
9.53214541e-02
9.44124013e-02
9.35024470e-02
9.25916210e-02
9.16799232e-02
9.07673538e-02
8.98539424e-02
8.89396816e-02
8.80245864e-02
8.71086568e-02
8.61919150e-02
8.52743536e-02
8.43559951e-02
8.34368393e-02
8.25169086e-02
8.15961957e-02
8.06747228e-02
7.97524825e-02
7.88294971e-02
7.79057667e-02
7.69813061e-02
7.60561228e-02
7.51302168e-02
7.42036104e-02
7.32763037e-02
7.23483041e-02
7.14196265e-02
7.04902858e-02
6.95602745e-02
6.86296150e-02
6.76982999e-02
6.67663515e-02
6.58337772e-02
6.49005845e-02
6.39667809e-02
6.30323738e-02
6.20973669e-02
6.11617826e-02
6.02256171e-02
5.92888892e-02
5.83516024e-02
5.74137643e-02
5.64753935e-02
5.55364825e-02
5.45970537e-02
5.36571071e-02
5.27166575e-02
5.17757125e-02
5.08342758e-02
4.98923585e-02
4.89499681e-02
4.80071232e-02
4.70638238e-02
4.61200774e-02
4.51759025e-02
4.42312993e-02
4.32862788e-02
4.23408523e-02
4.13950272e-02
4.04488146e-02
3.95022221e-02
3.85552607e-02
3.76079306e-02
3.66602466e-02
3.57122198e-02
3.47638577e-02
3.38151716e-02
3.28661650e-02
3.19168456e-02
3.09672281e-02
3.00173182e-02
2.90671252e-02
2.81166583e-02
2.71659289e-02
2.62149423e-02
2.52637081e-02
2.43122373e-02
2.33605355e-02
2.24086158e-02
2.14564838e-02
2.05041505e-02
1.95516236e-02
1.85989141e-02
1.76460277e-02
1.66929774e-02
1.57397706e-02
1.47864148e-02
1.38329202e-02
1.28792953e-02
1.19255483e-02
1.09716896e-02
1.00177284e-02
9.06367227e-03
8.10953137e-03
7.15531316e-03
6.20102882e-03
5.24668582e-03
4.29229299e-03
3.33785987e-03
2.38339580e-03
1.42890937e-03
4.74409258e-04
-4.80095216e-04
-1.43459509e-03
-2.38908152e-03
-3.34354537e-03
-4.29797824e-03
-5.25237015e-03
-6.20671269e-03
-7.16099702e-03
-8.11521430e-03
-9.06935427e-03
-1.00234095e-02
-1.09773707e-02
-1.19312275e-02
-1.28849735e-02
-1.38385976e-02
-1.47920921e-02
-1.57454461e-02
-1.66986510e-02
-1.76516995e-02
-1.86045822e-02
-1.95572898e-02
-2.05098148e-02
-2.14621481e-02
-2.24142764e-02
-2.33661961e-02
-2.43178941e-02
-2.52693649e-02
-2.62205973e-02
-2.71715820e-02
-2.81223115e-02
-2.90727746e-02
-3.00229657e-02
-3.09728738e-02
-3.19224894e-02
-3.28718014e-02
-3.38208079e-02
-3.47694941e-02
-3.57178524e-02
-3.66658755e-02
-3.76135558e-02
-3.85608822e-02
-3.95078436e-02
-4.04544361e-02
-4.14006449e-02
-4.23464663e-02
-4.32918891e-02
-4.42369059e-02
-4.51815054e-02
-4.61256802e-02
-4.70694192e-02
-4.80127186e-02
-4.89555672e-02
-4.98979539e-02
-5.08398637e-02
-5.17813005e-02
-5.27222455e-02
-5.36626950e-02
-5.46026342e-02
-5.55420630e-02
-5.64809665e-02
-5.74193448e-02
-5.83571792e-02
-5.92944585e-02
-6.02311790e-02
-6.11673370e-02
-6.21029176e-02
-6.30379170e-02
-6.39723241e-02
-6.49061203e-02
-6.58393130e-02
-6.67718798e-02
-6.77038282e-02
-6.86351284e-02
-6.95657954e-02
-7.04957992e-02
-7.14251399e-02
-7.23538101e-02
-7.32818022e-02
-7.42091089e-02
-7.51357079e-02
-7.60616064e-02
-7.69867897e-02
-7.79112428e-02
-7.88349584e-02
-7.97579363e-02
-8.06801692e-02
-8.16016421e-02
-8.25223476e-02
-8.34422782e-02
-8.43614265e-02
-8.52797702e-02
-8.61973241e-02
-8.71140659e-02
-8.80299807e-02
-8.89450684e-02
-8.98593292e-02
-9.07727405e-02
-9.16852877e-02
-9.25969854e-02
-9.35078040e-02
-9.44177508e-02
-9.53268036e-02
-9.62349623e-02
-9.71422195e-02
-9.80485603e-02
-9.89539698e-02
-9.98584479e-02
-1.00761980e-01
-1.01664566e-01
-1.02566190e-01
-1.03466846e-01
-1.04366541e-01
-1.05265237e-01
-1.06162950e-01
-1.07059658e-01
-1.07955359e-01
-1.08850047e-01
-1.09743699e-01
-1.10636324e-01
-1.11527905e-01
-1.12418436e-01
-1.13307908e-01
-1.14196315e-01
-1.15083650e-01
-1.15969896e-01
-1.16855048e-01
-1.17739104e-01
-1.18622050e-01
-1.19503871e-01
-1.20384574e-01
-1.21264130e-01
-1.22142553e-01
-1.23019829e-01
-1.23895943e-01
-1.24770880e-01
-1.25644654e-01
-1.26517236e-01
-1.27388656e-01
-1.28258869e-01
-1.29127860e-01
-1.29995644e-01
-1.30862206e-01
-1.31727532e-01
-1.32591620e-01
-1.33454472e-01
-1.34316057e-01
-1.35176390e-01
-1.36035427e-01
-1.36893198e-01
-1.37749687e-01
-1.38604879e-01
-1.39458776e-01
-1.40311345e-01
-1.41162604e-01
-1.42012522e-01
-1.42861098e-01
-1.43708333e-01
-1.44554228e-01
-1.45398751e-01
-1.46241918e-01
-1.47083700e-01
-1.47924110e-01
-1.48763105e-01
-1.49600714e-01
-1.50436923e-01
-1.51271701e-01
-1.52105078e-01
-1.52937010e-01
-1.53767511e-01
-1.54596567e-01
-1.55424178e-01
-1.56250298e-01
-1.57074973e-01
-1.57898143e-01
-1.58719853e-01
-1.59540057e-01
-1.60358772e-01
-1.61175981e-01
-1.61991656e-01
-1.62805825e-01
-1.63618445e-01
-1.64429545e-01
-1.65239081e-01
-1.66047081e-01
-1.66853517e-01
-1.67658374e-01
-1.68461651e-01
-1.69263333e-01
-1.70063436e-01
-1.70861945e-01
-1.71658829e-01
-1.72454119e-01
-1.73247784e-01
-1.74039811e-01
-1.74830213e-01
-1.75618961e-01
-1.76406071e-01
-1.77191511e-01
-1.77975297e-01
-1.78757399e-01
-1.79537818e-01
-1.80316553e-01
-1.81093603e-01
-1.81868926e-01
-1.82642549e-01
-1.83414459e-01
-1.84184656e-01
-1.84953108e-01
-1.85719833e-01
-1.86484799e-01
-1.87248006e-01
-1.88009456e-01
-1.88769147e-01
-1.89527050e-01
-1.90283179e-01
-1.91037506e-01
-1.91790044e-01
-1.92540765e-01
-1.93289652e-01
-1.94036722e-01
-1.94781974e-01
-1.95525378e-01
-1.96266949e-01
-1.97006658e-01
-1.97744533e-01
-1.98480532e-01
-1.99214652e-01
-1.99946910e-01
-2.00677246e-01
-2.01405734e-01
-2.02132285e-01
-2.02856958e-01
-2.03579739e-01
-2.04300568e-01
-2.05019489e-01
-2.05736488e-01
-2.06451535e-01
-2.07164630e-01
-2.07875773e-01
-2.08584964e-01
-2.09292188e-01
-2.09997430e-01
-2.10700691e-01
-2.11401984e-01
-2.12101266e-01
-2.12798566e-01
-2.13493854e-01
-2.14187130e-01
-2.14878380e-01
-2.15567634e-01
-2.16254830e-01
-2.16939986e-01
-2.17623100e-01
-2.18304172e-01
-2.18983173e-01
-2.19660133e-01
-2.20334992e-01
-2.21007779e-01
-2.21678495e-01
-2.22347140e-01
-2.23013684e-01
-2.23678112e-01
-2.24340439e-01
-2.25000650e-01
-2.25658759e-01
-2.26314723e-01
-2.26968542e-01
-2.27620244e-01
-2.28269801e-01
-2.28917226e-01
-2.29562506e-01
-2.30205610e-01
-2.30846539e-01
-2.31485277e-01
-2.32121840e-01
-2.32756212e-01
-2.33388409e-01
-2.34018385e-01
-2.34646171e-01
-2.35271752e-01
-2.35895097e-01
-2.36516222e-01
-2.37135127e-01
-2.37751782e-01
-2.38366231e-01
-2.38978416e-01
-2.39588365e-01
-2.40196049e-01
-2.40801468e-01
-2.41404638e-01
-2.42005527e-01
-2.42604122e-01
-2.43200436e-01
-2.43794471e-01
-2.44386211e-01
-2.44975626e-01
-2.45562747e-01
-2.46147543e-01
-2.46730030e-01
-2.47310206e-01
-2.47888029e-01
-2.48463526e-01
-2.49036685e-01
-2.49607503e-01
-2.50175983e-01
-2.50742108e-01
-2.51305878e-01
-2.51867294e-01
-2.52426326e-01
-2.52983004e-01
-2.53537297e-01
-2.54089236e-01
-2.54638791e-01
-2.55185962e-01
-2.55730718e-01
-2.56273091e-01
-2.56813049e-01
-2.57350564e-01
-2.57885635e-01
-2.58418262e-01
-2.58948445e-01
-2.59476215e-01
-2.60001540e-01
-2.60524392e-01
-2.61044830e-01
-2.61562794e-01
-2.62078285e-01
-2.62591302e-01
-2.63101846e-01
-2.63609916e-01
-2.64115483e-01
-2.64618605e-01
-2.65119225e-01
-2.65617371e-01
-2.66113013e-01
-2.66606182e-01
-2.67096847e-01
-2.67585009e-01
-2.68070638e-01
-2.68553764e-01
-2.69034356e-01
-2.69512385e-01
-2.69987911e-01
-2.70460874e-01
-2.70931274e-01
-2.71399170e-01
-2.71864444e-01
-2.72327185e-01
-2.72787333e-01
-2.73244917e-01
-2.73699939e-01
-2.74152398e-01
-2.74602264e-01
-2.75049567e-01
-2.75494277e-01
-2.75936395e-01
-2.76375890e-01
-2.76812822e-01
-2.77247161e-01
-2.77678847e-01
-2.78107941e-01
-2.78534412e-01
-2.78958291e-01
-2.79379517e-01
-2.79798150e-01
-2.80214161e-01
-2.80627549e-01
-2.81038284e-01
-2.81446368e-01
-2.81851798e-01
-2.82254577e-01
-2.82654703e-01
-2.83052146e-01
-2.83446908e-01
-2.83838987e-01
-2.84228355e-01
-2.84615070e-01
-2.84999102e-01
-2.85380453e-01
-2.85759121e-01
-2.86135137e-01
-2.86508441e-01
-2.86879063e-01
-2.87246972e-01
-2.87612200e-01
-2.87974715e-01
-2.88334548e-01
-2.88691640e-01
-2.89045990e-01
-2.89397657e-01
-2.89746583e-01
-2.90092796e-01
-2.90436268e-01
-2.90777057e-01
-2.91115075e-01
-2.91450381e-01
-2.91782916e-01
-2.92112708e-01
-2.92439789e-01
-2.92764097e-01
-2.93085694e-01
-2.93404549e-01
-2.93720633e-01
-2.94033974e-01
-2.94344544e-01
-2.94652313e-01
-2.94957340e-01
-2.95259565e-01
-2.95559019e-01
-2.95855701e-01
-2.96149582e-01
-2.96440661e-01
-2.96728939e-01
-2.97014415e-01
-2.97297090e-01
-2.97576964e-01
-2.97854036e-01
-2.98128337e-01
-2.98399806e-01
-2.98668504e-01
-2.98934370e-01
-2.99197435e-01
-2.99457669e-01
-2.99715132e-01
-2.99969733e-01
-3.00221533e-01
-3.00470501e-01
-3.00716668e-01
-3.00960004e-01
-3.01200509e-01
-3.01438183e-01
-3.01673025e-01
-3.01905066e-01
-3.02134275e-01
-3.02360654e-01
-3.02584201e-01
-3.02804917e-01
-3.03022832e-01
-3.03237915e-01
-3.03450167e-01
-3.03659558e-01
-3.03866118e-01
-3.04069847e-01
-3.04270744e-01
-3.04468811e-01
-3.04664016e-01
-3.04856420e-01
-3.05045933e-01
-3.05232644e-01
-3.05416524e-01
-3.05597574e-01
-3.05775762e-01
-3.05951148e-01
-3.06123704e-01
-3.06293398e-01
-3.06460232e-01
-3.06624204e-01
-3.06785256e-01
-3.06943387e-01
-3.07098567e-01
-3.07250828e-01
-3.07400167e-01
-3.07546586e-01
-3.07690114e-01
-3.07830721e-01
-3.07968408e-01
-3.08103144e-01
-3.08234930e-01
-3.08363765e-01
-3.08489650e-01
-3.08612585e-01
-3.08732599e-01
-3.08849692e-01
-3.08963865e-01
-3.09075087e-01
-3.09183389e-01
-3.09288770e-01
-3.09391230e-01
-3.09490740e-01
-3.09587330e-01
-3.09680998e-01
-3.09771746e-01
-3.09859544e-01
-3.09944421e-01
-3.10026377e-01
-3.10105413e-01
-3.10181499e-01
-3.10254663e-01
-3.10324907e-01
-3.10392231e-01
-3.10456604e-01
-3.10518026e-01
-3.10576528e-01
-3.10632110e-01
-3.10684770e-01
-3.10734481e-01
-3.10781270e-01
-3.10825139e-01
-3.10866088e-01
-3.10904086e-01
-3.10939163e-01
-3.10971320e-01
-3.11000556e-01
-3.11026841e-01
-3.11050206e-01
-3.11070651e-01
-3.11088175e-01
-3.11102748e-01
-3.11114401e-01
-3.11123133e-01
-3.11128944e-01
-3.11131805e-01
-3.11131716e-01
-3.11128706e-01
-3.11122775e-01
-3.11113924e-01
-3.11102122e-01
-3.11087400e-01
-3.11069757e-01
-3.11049193e-01
-3.11025679e-01
-3.10999244e-01
-3.10969889e-01
-3.10937613e-01
-3.10902387e-01
-3.10864240e-01
-3.10823172e-01
-3.10779184e-01
-3.10732245e-01
-3.10682386e-01
-3.10629606e-01
-3.10573906e-01
-3.10515255e-01
-3.10453653e-01
-3.10389131e-01
-3.10321689e-01
-3.10251325e-01
-3.10178012e-01
-3.10101777e-01
-3.10022622e-01
-3.09940547e-01
-3.09855521e-01
-3.09767574e-01
-3.09676707e-01
-3.09582919e-01
-3.09486181e-01
-3.09386522e-01
-3.09283942e-01
-3.09178442e-01
-3.09069991e-01
-3.08958620e-01
-3.08844328e-01
-3.08727115e-01
-3.08606952e-01
-3.08483839e-01
-3.08357805e-01
-3.08228850e-01
-3.08096975e-01
-3.07962179e-01
-3.07824463e-01
-3.07683825e-01
-3.07540268e-01
-3.07393789e-01
-3.07244390e-01
-3.07092071e-01
-3.06936830e-01
-3.06778669e-01
-3.06617618e-01
-3.06453645e-01
-3.06286752e-01
-3.06116998e-01
-3.05944413e-01
-3.05768967e-01
-3.05590659e-01
-3.05409551e-01
-3.05225611e-01
-3.05038810e-01
-3.04849178e-01
-3.04656714e-01
-3.04461420e-01
-3.04263324e-01
-3.04062337e-01
-3.03858548e-01
-3.03651899e-01
-3.03442448e-01
-3.03230137e-01
-3.03015023e-01
-3.02797079e-01
-3.02576333e-01
-3.02352726e-01
-3.02126318e-01
-3.01897049e-01
-3.01664978e-01
-3.01430047e-01
-3.01192313e-01
-3.00951749e-01
-3.00708354e-01
-3.00462127e-01
-3.00213099e-01
-2.99961269e-01
-2.99706578e-01
-2.99449086e-01
-2.99188763e-01
-2.98925638e-01
-2.98659712e-01
-2.98390985e-01
-2.98119426e-01
-2.97845095e-01
-2.97567934e-01
-2.97287971e-01
-2.97005206e-01
-2.96719640e-01
-2.96431273e-01
-2.96140134e-01
-2.95846194e-01
-2.95549452e-01
-2.95249939e-01
-2.94947654e-01
-2.94642597e-01
-2.94334739e-01
-2.94024110e-01
-2.93710709e-01
-2.93394566e-01
-2.93075651e-01
-2.92753994e-01
-2.92429596e-01
-2.92102456e-01
-2.91772574e-01
-2.91439950e-01
-2.91104615e-01
-2.90766507e-01
-2.90425688e-01
-2.90082157e-01
-2.89735883e-01
-2.89386898e-01
-2.89035141e-01
-2.88680732e-01
-2.88323581e-01
-2.87963718e-01
-2.87601143e-01
-2.87235886e-01
-2.86867887e-01
-2.86497205e-01
-2.86123842e-01
-2.85747766e-01
-2.85369039e-01
-2.84987599e-01
-2.84603477e-01
-2.84216702e-01
-2.83827215e-01
-2.83435076e-01
-2.83040255e-01
-2.82642722e-01
-2.82242566e-01
-2.81839728e-01
-2.81434238e-01
-2.81026065e-01
-2.80615270e-01
-2.80201823e-01
-2.79785752e-01
-2.79367059e-01
-2.78945774e-01
-2.78521836e-01
-2.78095305e-01
-2.77666122e-01
-2.77234346e-01
-2.76799947e-01
-2.76362985e-01
-2.75923401e-01
-2.75481224e-01
-2.75036454e-01
-2.74589092e-01
-2.74139166e-01
-2.73686647e-01
-2.73231566e-01
-2.72773921e-01
-2.72313684e-01
-2.71850884e-01
-2.71385550e-01
-2.70917624e-01
-2.70447165e-01
-2.69974142e-01
-2.69498587e-01
-2.69020468e-01
-2.68539816e-01
-2.68056661e-01
-2.67570972e-01
-2.67082751e-01
-2.66592056e-01
-2.66098827e-01
-2.65603155e-01
-2.65104949e-01
-2.64604300e-01
-2.64101118e-01
-2.63595492e-01
-2.63087362e-01
-2.62576789e-01
-2.62063712e-01
-2.61548191e-01
-2.61030197e-01
-2.60509759e-01
-2.59986848e-01
-2.59461522e-01
-2.58933723e-01
-2.58403480e-01
-2.57870823e-01
-2.57335722e-01
-2.56798178e-01
-2.56258219e-01
-2.55715847e-01
-2.55171031e-01
-2.54623830e-01
-2.54074246e-01
-2.53522277e-01
-2.52967924e-01
-2.52411187e-01
-2.51852095e-01
-2.51290649e-01
-2.50726849e-01
-2.50160664e-01
-2.49592155e-01
-2.49021262e-01
-2.48448059e-01
-2.47872502e-01
-2.47294620e-01
-2.46714413e-01
-2.46131882e-01
-2.45547041e-01
-2.44959861e-01
-2.44370401e-01
-2.43778631e-01
-2.43184552e-01
-2.42588207e-01
-2.41989553e-01
-2.41388649e-01
-2.40785450e-01
-2.40179986e-01
-2.39572257e-01
-2.38962293e-01
-2.38350049e-01
-2.37735569e-01
-2.37118855e-01
-2.36499920e-01
-2.35878751e-01
-2.35255361e-01
-2.34629750e-01
-2.34001935e-01
-2.33371913e-01
-2.32739702e-01
-2.32105285e-01
-2.31468692e-01
-2.30829909e-01
-2.30188951e-01
-2.29545817e-01
-2.28900537e-01
-2.28253096e-01
-2.27603510e-01
-2.26951808e-01
-2.26297945e-01
-2.25641966e-01
-2.24983871e-01
-2.24323660e-01
-2.23661333e-01
-2.22996905e-01
-2.22330362e-01
-2.21661702e-01
-2.20990971e-01
-2.20318154e-01
-2.19643280e-01
-2.18966320e-01
-2.18287304e-01
-2.17606232e-01
-2.16923118e-01
-2.16237947e-01
-2.15550750e-01
-2.14861512e-01
-2.14170262e-01
-2.13476971e-01
-2.12781683e-01
-2.12084398e-01
-2.11385101e-01
-2.10683838e-01
-2.09980547e-01
-2.09275320e-01
-2.08568081e-01
-2.07858890e-01
-2.07147777e-01
-2.06434697e-01
-2.05719665e-01
-2.05002680e-01
-2.04283759e-01
-2.03562915e-01
-2.02840164e-01
-2.02115491e-01
-2.01388925e-01
-2.00660467e-01
-1.99930117e-01
-1.99197888e-01
-1.98463768e-01
-1.97727785e-01
-1.96989924e-01
-1.96250215e-01
-1.95508659e-01
-1.94765270e-01
-1.94020048e-01
-1.93272978e-01
-1.92524090e-01
-1.91773370e-01
-1.91020861e-01
-1.90266535e-01
-1.89510435e-01
-1.88752547e-01
-1.87992901e-01
-1.87231481e-01
-1.86468273e-01
-1.85703322e-01
-1.84936628e-01
-1.84168190e-01
-1.83398038e-01
-1.82626143e-01
-1.81852549e-01
-1.81077227e-01
-1.80300221e-01
-1.79521516e-01
-1.78741112e-01
-1.77959025e-01
-1.77175269e-01
-1.76389843e-01
-1.75602779e-01
-1.74814045e-01
-1.74023673e-01
-1.73231661e-01
-1.72438025e-01
-1.71642765e-01
-1.70845896e-01
-1.70047417e-01
-1.69247359e-01
-1.68445691e-01
-1.67642459e-01
-1.66837633e-01
-1.66031227e-01
-1.65223271e-01
-1.64413765e-01
-1.63602710e-01
-1.62790105e-01
-1.61975980e-01
-1.61160335e-01
-1.60343170e-01
-1.59524500e-01
-1.58704326e-01
-1.57882676e-01
-1.57059535e-01
-1.56234890e-01
-1.55408800e-01
-1.54581234e-01
-1.53752208e-01
-1.52921736e-01
-1.52089834e-01
-1.51256502e-01
-1.50421754e-01
-1.49585605e-01
-1.48748040e-01
-1.47909075e-01
-1.47068709e-01
-1.46226957e-01
-1.45383835e-01
-1.44539356e-01
-1.43693522e-01
-1.42846316e-01
-1.41997784e-01
-1.41147912e-01
-1.40296698e-01
-1.39444172e-01
-1.38590336e-01
-1.37735188e-01
-1.36878774e-01
-1.36021063e-01
-1.35162070e-01
-1.34301797e-01
-1.33440271e-01
-1.32577464e-01
-1.31713435e-01
-1.30848154e-01
-1.29981652e-01
-1.29113913e-01
-1.28244966e-01
-1.27374828e-01
-1.26503468e-01
-1.25630945e-01
-1.24757223e-01
-1.23882338e-01
-1.23006284e-01
-1.22129075e-01
-1.21250711e-01
-1.20371208e-01
-1.19490564e-01
-1.18608803e-01
-1.17725916e-01
-1.16841927e-01
-1.15956835e-01
-1.15070656e-01
-1.14183381e-01
-1.13295041e-01
-1.12405628e-01
-1.11515172e-01
-1.10623650e-01
-1.09731086e-01
-1.08837485e-01
-1.07942872e-01
-1.07047245e-01
-1.06150597e-01
-1.05252966e-01
-1.04354329e-01
-1.03454717e-01
-1.02554120e-01
-1.01652555e-01
-1.00750037e-01
-9.98465642e-02
-9.89421606e-02
-9.80368257e-02
-9.71305594e-02
-9.62233841e-02
-9.53153074e-02
-9.44063291e-02
-9.34964567e-02
-9.25857052e-02
-9.16740820e-02
-9.07616019e-02
-8.98482651e-02
-8.89340788e-02
-8.80190581e-02
-8.71032104e-02
-8.61865431e-02
-8.52690712e-02
-8.43507946e-02
-8.34317282e-02
-8.25118721e-02
-8.15912411e-02
-8.06698427e-02
-7.97476843e-02
-7.88247809e-02
-7.79011324e-02
-7.69767612e-02
-7.60516524e-02
-7.51258433e-02
-7.41993189e-02
-7.32721016e-02
-7.23441914e-02
-7.14156106e-02
-7.04863518e-02
-6.95564225e-02
-6.86258450e-02
-6.76946267e-02
-6.67627677e-02
-6.58302829e-02
-6.48971796e-02
-6.39634579e-02
-6.30291328e-02
-6.20942228e-02
-6.11587279e-02
-6.02226555e-02
-5.92860207e-02
-5.83488196e-02
-5.74110709e-02
-5.64727820e-02
-5.55339642e-02
-5.45946211e-02
-5.36547676e-02
-5.27144074e-02
-5.17735519e-02
-5.08322045e-02
-4.98903766e-02
-4.89480793e-02
-4.80053239e-02
-4.70621139e-02
-4.61184606e-02
-4.51743715e-02
-4.42298613e-02
-4.32849340e-02
-4.23395969e-02
-4.13938612e-02
-4.04477417e-02
-3.95012386e-02
-3.85543667e-02
-3.76071259e-02
-3.66595350e-02
-3.57116014e-02
-3.47633287e-02
-3.38147357e-02
-3.28658186e-02
-3.19165923e-02
-3.09670661e-02
-3.00172474e-02
-2.90671457e-02
-2.81167720e-02
-2.71661337e-02
-2.62152385e-02
-2.52640974e-02
-2.43127178e-02
-2.33611073e-02
-2.24092789e-02
-2.14572381e-02
-2.05049962e-02
-1.95525642e-02
-1.85999479e-02
-1.76471565e-02
-1.66941993e-02
-1.57410856e-02
-1.47878211e-02
-1.38344197e-02
-1.28808869e-02
-1.19272340e-02
-1.09734684e-02
-1.00195995e-02
-9.06563550e-03
-8.11158679e-03
-7.15746218e-03
-6.20327005e-03
-5.24901925e-03
-4.29471955e-03
-3.34037910e-03
-2.38600746e-03
-1.43161358e-03
-4.77206020e-04
4.77206020e-04
1.43161358e-03
