-2.28328956e-03
-7.61098810e-04
7.61098810e-04
2.28328956e-03
3.80545855e-03
5.32759167e-03
6.84967497e-03
8.37169401e-03
9.89363436e-03
1.14154825e-02
1.29372217e-02
1.44588407e-02
1.59803238e-02
1.75016560e-02
1.90228242e-02
2.05438118e-02
2.20646095e-02
2.35851984e-02
2.51055676e-02
2.66257003e-02
2.81455815e-02
2.96651963e-02
3.11845317e-02
3.27035747e-02
3.42223123e-02
3.57407220e-02
3.72588001e-02
3.87765281e-02
4.02938873e-02
4.18108702e-02
4.33274582e-02
4.48436402e-02
4.63593975e-02
4.78747152e-02
4.93895859e-02
5.09039909e-02
5.24179228e-02
5.39313518e-02
5.54442778e-02
5.69566824e-02
5.84685504e-02
5.99798635e-02
6.14906140e-02
6.30007908e-02
6.45103678e-02
6.60193413e-02
6.75277039e-02
6.90354183e-02
7.05424845e-02
7.20488876e-02
7.35546201e-02
7.50596523e-02
7.65639842e-02
7.80675933e-02
7.95704648e-02
8.10725987e-02
8.25739577e-02
8.40745568e-02
8.55743587e-02
8.70733634e-02
8.85715410e-02
9.00688842e-02
9.15653855e-02
9.30610299e-02
9.45557952e-02
9.60496739e-02
9.75426510e-02
9.90346968e-02
1.00525819e-01
1.02015994e-01
1.03505209e-01
1.04993440e-01
1.06480688e-01
1.07966937e-01
1.09452173e-01
1.10936373e-01
1.12419538e-01
1.13901637e-01
1.15382671e-01
1.16862617e-01
1.18341461e-01
1.19819187e-01
1.21295787e-01
1.22771256e-01
1.24245554e-01
1.25718698e-01
1.27190650e-01
1.28661424e-01
1.30130976e-01
1.31599307e-01
1.33066386e-01
1.34532228e-01
1.35996804e-01
1.37460083e-01
1.38922095e-01
1.40382782e-01
1.41842157e-01
1.43300191e-01
1.44756883e-01
1.46212220e-01
1.47666171e-01
1.49118751e-01
1.50569916e-01
1.52019680e-01
1.53468013e-01
1.54914901e-01
1.56360328e-01
1.57804295e-01
1.59246773e-01
1.60687760e-01
1.62127212e-01
1.63565174e-01
1.65001586e-01
1.66436434e-01
1.67869717e-01
1.69301450e-01
1.70731574e-01
1.72160104e-01
1.73587024e-01
1.75012305e-01
1.76435933e-01
1.77857906e-01
1.79278210e-01
1.80696815e-01
1.82113737e-01
1.83528945e-01
1.84942424e-01
1.86354175e-01
1.87764168e-01
1.89172387e-01
1.90578833e-01
1.91983491e-01
1.93386331e-01
1.94787353e-01
1.96186543e-01
1.97583884e-01
1.98979363e-01
2.00372979e-01
2.01764673e-01
2.03154504e-01
2.04542413e-01
2.05928370e-01
2.07312420e-01
2.08694473e-01
2.10074604e-01
2.11452752e-01
2.12828889e-01
2.14203030e-01
2.15575159e-01
2.16945246e-01
2.18313307e-01
2.19679311e-01
2.21043244e-01
2.22405091e-01
2.23764852e-01
2.25122496e-01
2.26478025e-01
2.27831423e-01
2.29182675e-01
2.30531782e-01
2.31878698e-01
2.33223453e-01
2.34566003e-01
2.35906348e-01
2.37244487e-01
2.38580376e-01
2.39914015e-01
2.41245404e-01
2.42574513e-01
2.43901357e-01
2.45225891e-01
2.46548116e-01
2.47868031e-01
2.49185607e-01
2.50500858e-01
2.51813740e-01
2.53124267e-01
2.54432410e-01
2.55738169e-01
2.57041514e-01
2.58342445e-01
2.59640962e-01
2.60937005e-01
2.62230605e-01
2.63521701e-01
2.64810354e-01
2.66096503e-01
2.67380208e-01
2.68661350e-01
2.69940019e-01
2.71216124e-01
2.72489667e-01
2.73760617e-01
2.75029004e-01
2.76294827e-01
2.77558029e-01
2.78818637e-01
2.80076653e-01
2.81332016e-01
2.82584727e-01
2.83834755e-01
2.85082161e-01
2.86326855e-01
2.87568867e-01
2.88808167e-01
2.90044755e-01
2.91278630e-01
2.92509764e-01
2.93738186e-01
2.94963837e-01
2.96186715e-01
2.97406763e-01
2.98624009e-01
2.99838454e-01
3.01050097e-01
3.02258909e-01
3.03464890e-01
3.04668039e-01
3.05868357e-01
3.07065785e-01
3.08260322e-01
3.09451967e-01
3.10640663e-01
3.11826408e-01
3.13009232e-01
3.14189106e-01
3.15366060e-01
3.16540033e-01
3.17711055e-01
3.18879068e-01
3.20044100e-01
3.21206152e-01
3.22365165e-01
3.23521107e-01
3.24674010e-01
3.25823873e-01
3.26970667e-01
3.28114420e-01
3.29255074e-01
3.30392599e-01
3.31527054e-01
3.32658410e-01
3.33786637e-01
3.34911704e-01
3.36033642e-01
3.37152421e-01
3.38267982e-01
3.39380413e-01
3.40489626e-01
3.41595650e-01
3.42698485e-01
3.43798071e-01
3.44894439e-01
3.45987588e-01
3.47077459e-01
3.48164082e-01
3.49247426e-01
3.50327492e-01
3.51404250e-01
3.52477729e-01
3.53547871e-01
3.54614735e-01
3.55678260e-01
3.56738418e-01
3.57795238e-01
3.58848691e-01
3.59898776e-01
3.60945463e-01
3.61988753e-01
3.63028646e-01
3.64065170e-01
3.65098238e-01
3.66127908e-01
3.67154092e-01
3.68176818e-01
3.69196117e-01
3.70211959e-01
3.71224314e-01
3.72233212e-01
3.73238593e-01
3.74240458e-01
3.75238776e-01
3.76233578e-01
3.77224863e-01
3.78212601e-01
3.79196733e-01
3.80177349e-01
3.81154388e-01
3.82127821e-01
3.83097649e-01
3.84063900e-01
3.85026485e-01
3.85985434e-01
3.86940718e-01
3.87892395e-01
3.88840377e-01
3.89784724e-01
3.90725374e-01
3.91662359e-01
3.92595649e-01
3.93525243e-01
3.94451141e-01
3.95373315e-01
3.96291763e-01
3.97206485e-01
3.98117483e-01
3.99024695e-01
3.99928182e-01
4.00827885e-01
4.01723832e-01
4.02615964e-01
4.03504312e-01
4.04388875e-01
4.05269682e-01
4.06146616e-01
4.07019794e-01
4.07889098e-01
4.08754528e-01
4.09616143e-01
4.10473883e-01
4.11327779e-01
4.12177801e-01
4.13023919e-01
4.13866162e-01
4.14704472e-01
4.15538907e-01
4.16369438e-01
4.17196006e-01
4.18018669e-01
4.18837398e-01
4.19652164e-01
4.20462996e-01
4.21269864e-01
4.22072798e-01
4.22871739e-01
4.23666716e-01
4.24457699e-01
4.25244659e-01
4.26027656e-01
4.26806599e-01
4.27581549e-01
4.28352475e-01
4.29119349e-01
4.29882169e-01
4.30640966e-01
4.31395739e-01
4.32146430e-01
4.32893038e-01
4.33635563e-01
4.34374005e-01
4.35108364e-01
4.35838610e-01
4.36564803e-01
4.37286854e-01
4.38004822e-01
4.38718647e-01
4.39428329e-01
4.40133929e-01
4.40835357e-01
4.41532671e-01
4.42225784e-01
4.42914724e-01
4.43599492e-01
4.44280088e-01
4.44956511e-01
4.45628762e-01
4.46296811e-01
4.46960658e-01
4.47620302e-01
4.48275745e-01
4.48926926e-01
4.49573904e-01
4.50216651e-01
4.50855166e-01
4.51489419e-01
4.52119440e-01
4.52745199e-01
4.53366697e-01
4.53983963e-01
4.54596907e-01
4.55205619e-01
4.55810010e-01
4.56410140e-01
4.57005948e-01
4.57597464e-01
4.58184689e-01
4.58767623e-01
4.59346265e-01
4.59920555e-01
4.60490525e-01
4.61056113e-01
4.61617410e-01
4.62174356e-01
4.62726921e-01
4.63275135e-01
4.63818967e-01
4.64358449e-01
4.64893550e-01
4.65424299e-01
4.65950638e-01
4.66472596e-01
4.66990173e-01
4.67503339e-01
4.68012154e-01
4.68516499e-01
4.69016463e-01
4.69512016e-01
4.70003098e-01
4.70489800e-01
4.70972061e-01
4.71449912e-01
4.71923321e-01
4.72392291e-01
4.72856820e-01
4.73316878e-01
4.73772526e-01
4.74223673e-01
4.74670380e-01
4.75112617e-01
4.75550383e-01
4.75983649e-01
4.76412445e-01
4.76836771e-01
4.77256596e-01
4.77671891e-01
4.78082746e-01
4.78489101e-01
4.78890955e-01
4.79288310e-01
4.79681134e-01
4.80069429e-01
4.80453253e-01
4.80832487e-01
4.81207252e-01
4.81577486e-01
4.81943160e-01
4.82304275e-01
4.82660890e-01
4.83012944e-01
4.83360469e-01
4.83703434e-01
4.84041840e-01
4.84375685e-01
4.84705001e-01
4.85029727e-01
4.85349894e-01
4.85665500e-01
4.85976517e-01
4.86282974e-01
4.86584872e-01
4.86882150e-01
4.87174839e-01
4.87462938e-01
4.87746447e-01
4.88025427e-01
4.88299757e-01
4.88569498e-01
4.88834649e-01
4.89095211e-01
4.89351183e-01
4.89602536e-01
4.89849329e-01
4.90091473e-01
4.90329057e-01
4.90562022e-01
4.90790367e-01
4.91014093e-01
4.91233200e-01
4.91447628e-01
4.91657466e-01
4.91862625e-01
4.92063105e-01
4.92258996e-01
4.92450207e-01
4.92636770e-01
4.92818683e-01
4.92995948e-01
4.93168563e-01
4.93336529e-01
4.93499845e-01
4.93658483e-01
4.93812531e-01
4.93961900e-01
4.94106591e-01
4.94246691e-01
4.94382083e-01
4.94512886e-01
4.94639009e-01
4.94760454e-01
4.94877309e-01
4.94989485e-01
4.95096982e-01
4.95199859e-01
4.95298058e-01
4.95391607e-01
4.95480448e-01
4.95564699e-01
4.95644242e-01
4.95719165e-01
4.95789409e-01
4.95854974e-01
4.95915860e-01
4.95972097e-01
4.96023655e-01
4.96070564e-01
4.96112794e-01
4.96150404e-01
4.96183306e-01
4.96211559e-01
4.96235162e-01
4.96254116e-01
4.96268362e-01
4.96277958e-01
4.96282876e-01
4.96283114e-01
4.96278673e-01
4.96269554e-01
4.96255785e-01
4.96237338e-01
4.96214211e-01
4.96186405e-01
4.96153951e-01
4.96116817e-01
4.96075034e-01
4.96028572e-01
4.95977432e-01
4.95921612e-01
4.95861143e-01
4.95795995e-01
4.95726168e-01
4.95651692e-01
4.95572537e-01
4.95488733e-01
4.95400310e-01
4.95307177e-01
4.95209366e-01
4.95106906e-01
4.94999796e-01
4.94888067e-01
4.94771630e-01
4.94650573e-01
4.94524837e-01
4.94394481e-01
4.94259447e-01
4.94119763e-01
4.93975461e-01
4.93826479e-01
4.93672878e-01
4.93514568e-01
4.93351668e-01
4.93184090e-01
4.93011922e-01
4.92835075e-01
4.92653608e-01
4.92467523e-01
4.92276788e-01
4.92081434e-01
4.91881400e-01
4.91676748e-01
4.91467416e-01
4.91253465e-01
4.91034836e-01
4.90811616e-01
4.90583748e-01
4.90351230e-01
4.90114152e-01
4.89872456e-01
4.89626139e-01
4.89375263e-01
4.89119738e-01
4.88859653e-01
4.88594949e-01
4.88325626e-01
4.88051742e-01
4.87773240e-01
4.87490147e-01
4.87202466e-01
4.86910194e-01
4.86613333e-01
4.86311913e-01
4.86005902e-01
4.85695302e-01
4.85380143e-01
4.85060394e-01
4.84736085e-01
4.84407216e-01
4.84073788e-01
4.83735800e-01
4.83393252e-01
4.83046174e-01
4.82694536e-01
4.82338339e-01
4.81977582e-01
4.81612325e-01
4.81242478e-01
4.80868161e-01
4.80489284e-01
4.80105877e-01
4.79717970e-01
4.79325533e-01
4.78928596e-01
4.78527129e-01
4.78121161e-01
4.77710664e-01
4.77295697e-01
4.76876229e-01
4.76452291e-01
4.76023823e-01
4.75590914e-01
4.75153536e-01
4.74711657e-01
4.74265367e-01
4.73814517e-01
4.73359287e-01
4.72899586e-01
4.72435415e-01
4.71966803e-01
4.71493751e-01
4.71016288e-01
4.70534325e-01
4.70047981e-01
4.69557226e-01
4.69062030e-01
4.68562424e-01
4.68058407e-01
4.67549980e-01
4.67037112e-01
4.66519892e-01
4.65998262e-01
4.65472251e-01
4.64941829e-01
4.64407027e-01
4.63867873e-01
4.63324338e-01
4.62776452e-01
4.62224185e-01
4.61667567e-01
4.61106658e-01
4.60541338e-01
4.59971666e-01
4.59397644e-01
4.58819300e-01
4.58236665e-01
4.57649738e-01
4.57058460e-01
4.56462950e-01
4.55863088e-01
4.55258995e-01
4.54650640e-01
4.54037935e-01
4.53421026e-01
4.52799827e-01
4.52174395e-01
4.51544672e-01
4.50910717e-01
4.50272501e-01
4.49630052e-01
4.48983371e-01
4.48332459e-01
4.47677314e-01
4.47017938e-01
4.46354389e-01
4.45686609e-01
4.45014626e-01
4.44338471e-01
4.43658143e-01
4.42973644e-01
4.42284971e-01
4.41592097e-01
4.40895081e-01
4.40193921e-01
4.39488590e-01
4.38779116e-01
4.38065529e-01
4.37347829e-01
4.36625987e-01
4.35900062e-01
4.35170025e-01
4.34435904e-01
4.33697671e-01
4.32955354e-01
4.32208955e-01
4.31458503e-01
4.30703998e-01
4.29945409e-01
4.29182798e-01
4.28416073e-01
4.27645355e-01
4.26870614e-01
4.26091820e-01
4.25309062e-01
4.24522281e-01
4.23731476e-01
4.22936738e-01
4.22137976e-01
4.21335220e-01
4.20528531e-01
4.19717848e-01
4.18903232e-01
4.18084681e-01
4.17262197e-01
4.16435778e-01
4.15605456e-01
4.14771199e-01
4.13933069e-01
4.13091004e-01
4.12245035e-01
4.11395222e-01
4.10541475e-01
4.09683853e-01
4.08822358e-01
4.07957047e-01
4.07087892e-01
4.06214893e-01
4.05338079e-01
4.04457420e-01
4.03573006e-01
4.02684778e-01
4.01792765e-01
4.00896966e-01
3.99997383e-01
3.99094045e-01
3.98186922e-01
3.97276044e-01
3.96361411e-01
3.95443052e-01
3.94520968e-01
3.93595159e-01
3.92665684e-01
3.91732454e-01
3.90795588e-01
3.89854997e-01
3.88910741e-01
3.87962788e-01
3.87011230e-01
3.86055976e-01
3.85097086e-01
3.84134591e-01
3.83168459e-01
3.82198691e-01
3.81225318e-01
3.80248368e-01
3.79267871e-01
3.78283828e-01
3.77296209e-01
3.76305044e-01
3.75310332e-01
3.74312073e-01
3.73310268e-01
3.72304976e-01
3.71296167e-01
3.70283872e-01
3.69268090e-01
3.68248850e-01
3.67226154e-01
3.66200000e-01
3.65170419e-01
3.64137381e-01
3.63100946e-01
3.62061054e-01
3.61017793e-01
3.59971106e-01
3.58921051e-01
3.57867628e-01
3.56810838e-01
3.55750680e-01
3.54687184e-01
3.53620350e-01
3.52550209e-01
3.51476729e-01
3.50399971e-01
3.49319905e-01
3.48236531e-01
3.47149909e-01
3.46059978e-01
3.44966829e-01
3.43870431e-01
3.42770785e-01
3.41667920e-01
3.40561837e-01
3.39452595e-01
3.38340133e-01
3.37224483e-01
3.36105645e-01
3.34983706e-01
3.33858579e-01
3.32730293e-01
3.31598878e-01
3.30464363e-01
3.29326719e-01
3.28186005e-01
3.27042222e-01
3.25895339e-01
3.24745417e-01
3.23592424e-01
3.22436392e-01
3.21277320e-01
3.20115209e-01
3.18950087e-01
3.17781985e-01
3.16610873e-01
3.15436810e-01
3.14259797e-01
3.13079834e-01
3.11896890e-01
3.10710996e-01
3.09522212e-01
3.08330506e-01
3.07135850e-01
3.05938303e-01
3.04737866e-01
3.03534597e-01
3.02328497e-01
3.01119566e-01
2.99907804e-01
2.98693210e-01
2.97475785e-01
2.96255589e-01
2.95032591e-01
2.93806821e-01
2.92578280e-01
2.91346997e-01
2.90112972e-01
2.88876206e-01
2.87636757e-01
2.86394596e-01
2.85149723e-01
2.83902198e-01
2.82651961e-01
2.81399071e-01
2.80143529e-01
2.78885365e-01
2.77624577e-01
2.76361167e-01
2.75095195e-01
2.73826569e-01
2.72555441e-01
2.71281689e-01
2.70005405e-01
2.68726587e-01
2.67445236e-01
2.66161382e-01
2.64874995e-01
2.63586134e-01
2.62294799e-01
2.61000991e-01
2.59704739e-01
2.58406043e-01
2.57104903e-01
2.55801320e-01
2.54495323e-01
2.53186941e-01
2.51876205e-01
2.50563085e-01
2.49247611e-01
2.47929797e-01
2.46609628e-01
2.45287150e-01
2.43962377e-01
2.42635295e-01
2.41305932e-01
2.39974290e-01
2.38640398e-01
2.37304240e-01
2.35965863e-01
2.34625265e-01
2.33282447e-01
2.31937438e-01
2.30590239e-01
2.29240850e-01
2.27889299e-01
2.26535633e-01
2.25179821e-01
2.23821908e-01
2.22461864e-01
2.21099734e-01
2.19735503e-01
2.18369216e-01
2.17000872e-01
2.15630472e-01
2.14258060e-01
2.12883607e-01
2.11507156e-01
2.10128725e-01
2.08748296e-01
2.07365915e-01
2.05981568e-01
2.04595283e-01
2.03207061e-01
2.01816931e-01
2.00424895e-01
1.99030995e-01
1.97635189e-01
1.96237534e-01
1.94838032e-01
1.93436697e-01
1.92033544e-01
1.90628573e-01
1.89221799e-01
1.87813237e-01
1.86402902e-01
1.84990808e-01
1.83576986e-01
1.82161435e-01
1.80744171e-01
1.79325208e-01
1.77904561e-01
1.76482245e-01
1.75058261e-01
1.73632637e-01
1.72205359e-01
1.70776486e-01
1.69346005e-01
1.67913929e-01
1.66480288e-01
1.65045053e-01
1.63608283e-01
1.62169963e-01
1.60730124e-01
1.59288764e-01
1.57845914e-01
1.56401590e-01
1.54955775e-01
1.53508499e-01
1.52059779e-01
1.50609642e-01
1.49158090e-01
1.47705138e-01
1.46250784e-01
1.44795060e-01
1.43337965e-01
1.41879544e-01
1.40419766e-01
1.38958693e-01
1.37496293e-01
1.36032611e-01
1.34567618e-01
1.33101389e-01
1.31633893e-01
1.30165160e-01
1.28695205e-01
1.27224043e-01
1.25751689e-01
1.24278158e-01
1.22803442e-01
1.21327579e-01
1.19850568e-01
1.18372411e-01
1.16893157e-01
1.15412802e-01
1.13931358e-01
1.12448841e-01
1.10965267e-01
1.09480649e-01
1.07994996e-01
1.06508315e-01
1.05020642e-01
1.03531972e-01
1.02042332e-01
1.00551732e-01
9.90601853e-02
9.75676998e-02
9.60742980e-02
9.45799872e-02
9.30847824e-02
9.15887058e-02
9.00917649e-02
8.85939747e-02
8.70953575e-02
8.55959207e-02
8.40956792e-02
8.25946406e-02
8.10928345e-02
7.95902610e-02
7.80869424e-02
7.65828788e-02
7.50781000e-02
7.35726207e-02
7.20664486e-02
7.05595985e-02
6.90520778e-02
6.75439090e-02
6.60351068e-02
6.45256788e-02
6.30156472e-02
6.15050234e-02
5.99938184e-02
5.84820509e-02
5.69697320e-02
5.54568730e-02
5.39434962e-02
5.24296090e-02
5.09152301e-02
4.94003706e-02
4.78850454e-02
4.63692658e-02
4.48530503e-02
4.33364101e-02
4.18193601e-02
4.03019153e-02
3.87840904e-02
3.72659042e-02
3.57473679e-02
3.42284925e-02
3.27092931e-02
3.11897919e-02
2.96699926e-02
2.81499177e-02
2.66295746e-02
2.51089819e-02
2.35881507e-02
2.20670998e-02
2.05458384e-02
1.90243870e-02
1.75027568e-02
1.59809608e-02
1.44590149e-02
1.29369339e-02
1.14147300e-02
9.89241898e-03
8.37001484e-03
6.84753153e-03
5.32498397e-03
3.80238681e-03
2.27975356e-03
7.57098722e-04
-7.65563163e-04
-2.28821766e-03
-3.81085090e-03
-5.33344783e-03
-6.85599493e-03
-8.37847684e-03
-9.90088005e-03
-1.14231911e-02
-1.29453940e-02
-1.44674750e-02
-1.59894191e-02
-1.75112132e-02
-1.90328434e-02
-2.05542929e-02
-2.20755525e-02
-2.35966016e-02
-2.51174308e-02
-2.66380236e-02
-2.81583630e-02
-2.96784397e-02
-3.11982352e-02
-3.27177383e-02
-3.42369303e-02
-3.57558019e-02
-3.72743346e-02
-3.87925208e-02
-4.03103381e-02
-4.18277755e-02
-4.33448181e-02
-4.48614545e-02
-4.63776663e-02
-4.78934422e-02
-4.94087674e-02
-5.09236231e-02
-5.24379984e-02
-5.39518818e-02
-5.54652587e-02
-5.69781102e-02
-5.84904253e-02
-6.00021891e-02
-6.15133867e-02
-6.30240142e-02
-6.45340383e-02
-6.60434663e-02
-6.75522611e-02
-6.90604299e-02
-7.05679432e-02
-7.20747933e-02
-7.35809579e-02
-7.50864372e-02
-7.65912086e-02
-7.80952498e-02
-7.95985684e-02
-8.11011344e-02
-8.26029330e-02
-8.41039568e-02
-8.56041983e-02
-8.71036276e-02
-8.86022374e-02
-9.01000127e-02
-9.15969387e-02
-9.30930078e-02
-9.45881978e-02
-9.60825011e-02
-9.75758955e-02
-9.90683809e-02
-1.00559928e-01
-1.02050520e-01
-1.03540152e-01
-1.05028808e-01
-1.06516466e-01
-1.08003132e-01
-1.09488778e-01
-1.10973395e-01
-1.12456970e-01
-1.13939479e-01
-1.15420915e-01
-1.16901264e-01
-1.18380509e-01
-1.19858637e-01
-1.21335641e-01
-1.22811504e-01
-1.24286205e-01
-1.25759751e-01
-1.27232090e-01
-1.28703251e-01
-1.30173206e-01
-1.31641924e-01
-1.33109406e-01
-1.34575635e-01
-1.36040598e-01
-1.37504280e-01
-1.38966680e-01
-1.40427753e-01
-1.41887501e-01
-1.43345922e-01
-1.44802988e-01
-1.46258712e-01
-1.47713035e-01
-1.49165988e-01
-1.50617525e-01
-1.52067646e-01
-1.53516337e-01
-1.54963583e-01
-1.56409368e-01
-1.57853693e-01
-1.59296528e-01
-1.60737872e-01
-1.62177682e-01
-1.63615972e-01
-1.65052727e-01
-1.66487932e-01
-1.67921588e-01
-1.69353649e-01
-1.70784101e-01
-1.72212973e-01
-1.73640221e-01
-1.75065830e-01
-1.76489785e-01
-1.77912101e-01
-1.79332733e-01
-1.80751681e-01
-1.82168916e-01
-1.83584452e-01
-1.84998244e-01
-1.86410308e-01
-1.87820628e-01
-1.89229161e-01
-1.90635920e-01
-1.92040890e-01
-1.93444028e-01
-1.94845349e-01
-1.96244836e-01
-1.97642475e-01
-1.99038252e-01
-2.00432152e-01
-2.01824158e-01
-2.03214273e-01
-2.04602465e-01
-2.05988735e-01
-2.07373038e-01
-2.08755389e-01
-2.10135803e-01
-2.11514220e-01
-2.12890640e-01
-2.14265049e-01
-2.15637445e-01
-2.17007816e-01
-2.18376145e-01
-2.19742402e-01
-2.21106589e-01
-2.22468704e-01
-2.23828733e-01
-2.25186646e-01
-2.26542428e-01
-2.27896065e-01
-2.29247570e-01
-2.30596915e-01
-2.31944099e-01
-2.33289078e-01
-2.34631866e-01
-2.35972434e-01
-2.37310797e-01
-2.38646924e-01
-2.39980802e-01
-2.41312400e-01
-2.42641732e-01
-2.43968800e-01
-2.45293543e-01
-2.46615991e-01
-2.47936115e-01
-2.49253899e-01
-2.50569344e-01
-2.51882404e-01
-2.53193140e-01
-2.54501462e-01
-2.55807430e-01
-2.57110983e-01
-2.58412093e-01
-2.59710789e-01
-2.61007041e-01
-2.62300789e-01
-2.63592094e-01
-2.64880925e-01
-2.66167283e-01
-2.67451108e-01
-2.68732429e-01
-2.70011246e-01
-2.71287501e-01
-2.72561193e-01
-2.73832321e-01
-2.75100887e-01
-2.76366860e-01
-2.77630240e-01
-2.78890997e-01
-2.80149132e-01
-2.81404674e-01
-2.82657534e-01
-2.83907741e-01
-2.85155237e-01
-2.86400080e-01
-2.87642211e-01
-2.88881630e-01
-2.90118337e-01
-2.91352302e-01
-2.92583555e-01
-2.93812066e-01
-2.95037776e-01
-2.96260744e-01
-2.97480911e-01
-2.98698246e-01
-2.99912810e-01
-3.01124513e-01
-3.02333415e-01
-3.03539455e-01
-3.04742664e-01
-3.05943012e-01
-3.07140529e-01
-3.08335125e-01
-3.09526801e-01
-3.10715586e-01
-3.11901420e-01
-3.13084334e-01
-3.14264268e-01
-3.15441281e-01
-3.16615283e-01
-3.17786366e-01
-3.18954438e-01
-3.20119530e-01
-3.21281582e-01
-3.22440594e-01
-3.23596627e-01
-3.24749589e-01
-3.25899482e-01
-3.27046335e-01
-3.28190088e-01
-3.29330742e-01
-3.30468327e-01
-3.31602782e-01
-3.32734138e-01
-3.33862364e-01
-3.34987432e-01
-3.36109340e-01
-3.37228090e-01
-3.38343650e-01
-3.39456052e-01
-3.40565294e-01
-3.41671318e-01
-3.42774123e-01
-3.43873709e-01
-3.44970077e-01
-3.46063197e-01
-3.47153068e-01
-3.48239660e-01
-3.49322945e-01
-3.50402981e-01
-3.51479679e-01
-3.52553099e-01
-3.53623211e-01
-3.54690015e-01
-3.55753452e-01
-3.56813550e-01
-3.57870311e-01
-3.58923703e-01
-3.59973729e-01
-3.61020356e-01
-3.62063587e-01
-3.63103420e-01
-3.64139825e-01
-3.65172803e-01
-3.66202354e-01
-3.67228448e-01
-3.68251115e-01
-3.69270295e-01
-3.70286047e-01
-3.71298283e-01
-3.72307062e-01
-3.73312324e-01
-3.74314070e-01
-3.75312299e-01
-3.76307011e-01
-3.77298146e-01
-3.78285766e-01
-3.79269809e-01
-3.80250275e-01
-3.81227165e-01
-3.82200450e-01
-3.83170158e-01
-3.84136260e-01
-3.85098666e-01
-3.86057466e-01
-3.87012631e-01
-3.87964129e-01
-3.88911963e-01
-3.89856160e-01
-3.90796661e-01
-3.91733468e-01
-3.92666608e-01
-3.93596023e-01
-3.94521773e-01
-3.95443797e-01
-3.96362066e-01
-3.97276580e-01
-3.98187399e-01
-3.99094403e-01
-3.99997711e-01
-4.00897205e-01
-4.01792943e-01
-4.02684897e-01
-4.03573006e-01
-4.04457361e-01
-4.05337960e-01
-4.06214684e-01
-4.07087624e-01
-4.07956719e-01
-4.08821970e-01
-4.09683377e-01
-4.10540909e-01
-4.11394566e-01
-4.12244350e-01
-4.13090229e-01
-4.13932234e-01
-4.14770335e-01
-4.15604502e-01
-4.16434824e-01
-4.17261124e-01
-4.18083549e-01
-4.18902010e-01
-4.19716567e-01
-4.20527160e-01
-4.21333790e-01
-4.22136486e-01
-4.22935158e-01
-4.23729867e-01
-4.24520552e-01
-4.25307214e-01
-4.26089942e-01
-4.26868618e-01
-4.27643269e-01
-4.28413898e-01
-4.29180503e-01
-4.29943055e-01
-4.30701554e-01
-4.31456029e-01
-4.32206392e-01
-4.32952702e-01
-4.33694929e-01
-4.34433103e-01
-4.35167164e-01
-4.35897112e-01
-4.36622947e-01
-4.37344700e-01
-4.38062310e-01
-4.38775837e-01
-4.39485192e-01
-4.40190434e-01
-4.40891534e-01
-4.41588491e-01
-4.42281276e-01
-4.42969918e-01
-4.43654358e-01
-4.44334656e-01
-4.45010722e-01
-4.45682645e-01
-4.46350306e-01
-4.47013825e-01
-4.47673112e-01
-4.48328167e-01
-4.48979020e-01
-4.49625611e-01
-4.50268030e-01
-4.50906187e-01
-4.51540083e-01
-4.52169776e-01
-4.52795178e-01
-4.53416288e-01
-4.54033166e-01
-4.54645783e-01
-4.55254078e-01
-4.55858082e-01
-4.56457794e-01
-4.57053274e-01
-4.57644403e-01
-4.58231241e-01
-4.58813787e-01
-4.59392041e-01
-4.59965944e-01
-4.60535526e-01
-4.61100757e-01
-4.61661637e-01
-4.62218195e-01
-4.62770373e-01
-4.63318229e-01
-4.63861674e-01
-4.64400768e-01
-4.64935482e-01
-4.65465784e-01
-4.65991735e-01
-4.66513276e-01
-4.67030436e-01
-4.67543155e-01
-4.68051523e-01
-4.68555480e-01
-4.69054997e-01
-4.69550133e-01
-4.70040828e-01
-4.70527112e-01
-4.71008986e-01
-4.71486390e-01
-4.71959382e-01
-4.72427934e-01
-4.72892016e-01
-4.73351657e-01
-4.73806828e-01
-4.74257559e-01
-4.74703819e-01
-4.75145608e-01
-4.75582927e-01
-4.76015806e-01
-4.76444155e-01
-4.76868063e-01
-4.77287471e-01
-4.77702409e-01
-4.78112787e-01
-4.78518695e-01
-4.78920072e-01
-4.79316980e-01
-4.79709357e-01
-4.80097204e-01
-4.80480552e-01
-4.80859399e-01
-4.81233686e-01
-4.81603444e-01
-4.81968671e-01
-4.82329369e-01
-4.82685536e-01
-4.83037144e-01
-4.83384222e-01
-4.83726740e-01
-4.84064698e-01
-4.84398097e-01
-4.84726936e-01
-4.85051215e-01
-4.85370904e-01
-4.85686064e-01
-4.85996634e-01
-4.86302614e-01
-4.86604065e-01
-4.86900896e-01
-4.87193137e-01
-4.87480789e-01
-4.87763882e-01
-4.88042355e-01
-4.88316238e-01
-4.88585532e-01
-4.88850236e-01
-4.89110321e-01
-4.89365816e-01
-4.89616722e-01
-4.89863008e-01
-4.90104705e-01
-4.90341753e-01
-4.90574211e-01
-4.90802020e-01
-4.91025209e-01
-4.91243750e-01
-4.91457671e-01
-4.91666973e-01
-4.91871595e-01
-4.92071599e-01
-4.92267013e-01
-4.92457747e-01
-4.92643863e-01
-4.92825329e-01
-4.93002146e-01
-4.93174344e-01
-4.93341833e-01
-4.93504733e-01
-4.93662953e-01
-4.93816555e-01
-4.93965477e-01
-4.94109750e-01
-4.94249403e-01
-4.94384378e-01
-4.94514734e-01
-4.94640410e-01
-4.94761437e-01
-4.94877815e-01
-4.94989544e-01
-4.95096594e-01
-4.95198995e-01
-4.95296717e-01
-4.95389789e-01
-4.95478213e-01
-4.95561987e-01
-4.95641112e-01
-4.95715529e-01
-4.95785266e-01
-4.95850354e-01
-4.95910794e-01
-4.95966583e-01
-4.96017724e-01
-4.96064186e-01
-4.96105969e-01
-4.96143132e-01
-4.96175587e-01
-4.96203393e-01
-4.96226549e-01
-4.96245027e-01
-4.96258795e-01
-4.96267945e-01
-4.96272385e-01
-4.96272147e-01
-4.96267200e-01
-4.96257633e-01
-4.96243358e-01
-4.96224403e-01
-4.96200800e-01
-4.96172518e-01
-4.96139586e-01
-4.96101975e-01
-4.96059656e-01
-4.96012717e-01
-4.95961070e-01
-4.95904773e-01
-4.95843798e-01
-4.95778143e-01
-4.95707870e-01
-4.95632857e-01
-4.95553255e-01
-4.95468915e-01
-4.95379955e-01
-4.95286345e-01
-4.95188087e-01
-4.95085180e-01
-4.94977623e-01
-4.94865417e-01
-4.94748563e-01
-4.94627059e-01
-4.94500875e-01
-4.94370073e-01
-4.94234562e-01
-4.94094402e-01
-4.93949622e-01
-4.93800163e-01
-4.93646085e-01
-4.93487328e-01
-4.93323952e-01
-4.93155956e-01
-4.92983282e-01
-4.92805988e-01
-4.92624044e-01
-4.92437452e-01
-4.92246211e-01
-4.92050380e-01
-4.91849869e-01
-4.91644770e-01
-4.91435021e-01
-4.91220653e-01
-4.91001636e-01
-4.90777999e-01
-4.90549713e-01
-4.90316808e-01
-4.90079254e-01
-4.89837140e-01
-4.89590406e-01
-4.89339054e-01
-4.89083111e-01
-4.88822550e-01
-4.88557398e-01
-4.88287657e-01
-4.88013297e-01
-4.87734348e-01
-4.87450838e-01
-4.87162709e-01
-4.86870021e-01
-4.86572742e-01
-4.86270845e-01
-4.85964417e-01
-4.85653400e-01
-4.85337824e-01
-4.85017657e-01
-4.84692931e-01
-4.84363645e-01
-4.84029800e-01
-4.83691394e-01
-4.83348459e-01
-4.83000964e-01
-4.82648909e-01
-4.82292295e-01
-4.81931180e-01
-4.81565505e-01
-4.81195241e-01
-4.80820507e-01
-4.80441242e-01
-4.80057448e-01
-4.79669124e-01
-4.79276299e-01
-4.78878945e-01
-4.78477150e-01
-4.78070796e-01
-4.77659941e-01
-4.77244586e-01
-4.76824760e-01
-4.76400405e-01
-4.75971609e-01
-4.75538313e-01
-4.75100577e-01
-4.74658340e-01
-4.74211633e-01
-4.73760486e-01
-4.73304868e-01
-4.72844809e-01
-4.72380280e-01
-4.71911311e-01
-4.71437901e-01
-4.70960081e-01
-4.70477790e-01
-4.69991088e-01
-4.69499975e-01
-4.69004422e-01
-4.68504459e-01
-4.68000114e-01
-4.67491359e-01
-4.66978192e-01
-4.66460645e-01
-4.65938687e-01
-4.65412349e-01
-4.64881629e-01
-4.64346498e-01
-4.63807017e-01
-4.63263184e-01
-4.62714970e-01
-4.62162405e-01
-4.61605489e-01
-4.61044192e-01
-4.60478544e-01
-4.59908545e-01
-4.59334224e-01
-4.58755583e-01
-4.58172649e-01
-4.57585424e-01
-4.56993908e-01
-4.56398100e-01
-4.55798000e-01
-4.55193639e-01
-4.54584986e-01
-4.53972071e-01
-4.53354836e-01
-4.52733338e-01
-4.52107608e-01
-4.51477617e-01
-4.50843364e-01
-4.50204879e-01
-4.49562132e-01
-4.48915184e-01
-4.48263973e-01
-4.47608620e-01
-4.46948975e-01
-4.46285218e-01
-4.45617169e-01
-4.44945008e-01
-4.44268584e-01
-4.43587989e-01
-4.42903221e-01
-4.42214310e-01
-4.41521227e-01
-4.40823972e-01
-4.40122604e-01
-4.39417064e-01
-4.38707411e-01
-4.37993616e-01
-4.37275708e-01
-4.36553687e-01
-4.35827523e-01
-4.35097277e-01
-4.34362918e-01
-4.33624476e-01
-4.32881981e-01
-4.32135403e-01
-4.31384712e-01
-4.30629998e-01
-4.29871231e-01
-4.29108441e-01
-4.28341568e-01
-4.27570671e-01
-4.26795751e-01
-4.26016808e-01
-4.25233841e-01
-4.24446851e-01
-4.23655897e-01
-4.22860920e-01
-4.22061980e-01
-4.21259046e-01
-4.20452178e-01
-4.19641346e-01
-4.18826580e-01
-4.18007851e-01
-4.17185247e-01
-4.16358650e-01
-4.15528178e-01
-4.14693773e-01
-4.13855493e-01
-4.13013279e-01
-4.12167221e-01
-4.11317229e-01
-4.10463393e-01
-4.09605652e-01
-4.08744037e-01
-4.07878578e-01
-4.07009274e-01
-4.06136155e-01
-4.05259222e-01
-4.04378504e-01
-4.03494000e-01
-4.02605712e-01
-4.01713580e-01
-4.00817662e-01
-3.99917990e-01
-3.99014533e-01
-3.98107320e-01
-3.97196352e-01
-3.96281660e-01
-3.95363212e-01
-3.94441068e-01
-3.93515229e-01
-3.92585665e-01
-3.91652405e-01
-3.90715420e-01
-3.89774799e-01
-3.88830483e-01
-3.87882471e-01
-3.86930853e-01
-3.85975569e-01
-3.85016650e-01
-3.84054065e-01
-3.83087903e-01
-3.82118136e-01
-3.81144732e-01
-3.80167753e-01
-3.79187196e-01
-3.78203094e-01
-3.77215415e-01
-3.76224190e-01
-3.75229448e-01
-3.74231130e-01
-3.73229325e-01
-3.72224003e-01
-3.71215194e-01
-3.70202869e-01
-3.69187087e-01
-3.68167847e-01
-3.67145151e-01
-3.66118997e-01
-3.65089387e-01
-3.64056349e-01
-3.63019913e-01
-3.61980051e-01
-3.60936821e-01
-3.59890163e-01
-3.58840108e-01
-3.57786655e-01
-3.56729865e-01
-3.55669737e-01
-3.54606271e-01
-3.53539467e-01
-3.52469355e-01
-3.51395935e-01
-3.50319237e-01
-3.49239200e-01
-3.48155916e-01
-3.47069323e-01
-3.45979482e-01
-3.44886363e-01
-3.43789995e-01
-3.42690438e-01
-3.41587633e-01
-3.40481639e-01
-3.39372426e-01
-3.38260055e-01
-3.37144494e-01
-3.36025774e-01
-3.34903866e-01
-3.33778858e-01
-3.32650661e-01
-3.31519336e-01
-3.30384910e-01
-3.29247385e-01
-3.28106791e-01
-3.26963067e-01
-3.25816303e-01
-3.24666470e-01
-3.23513597e-01
-3.22357655e-01
-3.21198702e-01
-3.20036709e-01
-3.18871707e-01
-3.17703754e-01
-3.16532761e-01
-3.15358818e-01
-3.14181894e-01
-3.13002050e-01
-3.11819255e-01
-3.10633540e-01
-3.09444875e-01
-3.08253288e-01
-3.07058752e-01
-3.05861354e-01
-3.04661065e-01
-3.03457946e-01
-3.02252024e-01
-3.01043242e-01
-2.99831659e-01
-2.98617214e-01
-2.97399998e-01
-2.96179950e-01
-2.94957131e-01
-2.93731540e-01
-2.92503178e-01
-2.91272074e-01
-2.90038258e-01
-2.88801670e-01
-2.87562400e-01
-2.86320448e-01
-2.85075784e-01
-2.83828437e-01
-2.82578409e-01
-2.81325728e-01
-2.80070394e-01
-2.78812438e-01
-2.77551860e-01
-2.76288658e-01
-2.75022894e-01
-2.73754507e-01
-2.72483557e-01
-2.71210074e-01
-2.69933999e-01
-2.68655390e-01
-2.67374247e-01
-2.66090631e-01
-2.64804512e-01
-2.63515890e-01
-2.62224823e-01
-2.60931253e-01
-2.59635270e-01
-2.58336812e-01
-2.57035911e-01
-2.55732596e-01
-2.54426867e-01
-2.53118753e-01
-2.51808256e-01
-2.50495404e-01
-2.49180183e-01
-2.47862637e-01
-2.46542752e-01
-2.45220557e-01
-2.43896052e-01
-2.42569238e-01
-2.41240159e-01
-2.39908814e-01
-2.38575205e-01
-2.37239346e-01
-2.35901251e-01
-2.34560937e-01
-2.33218431e-01
-2.31873706e-01
-2.30526820e-01
-2.29177758e-01
-2.27826506e-01
-2.26473138e-01
-2.25117639e-01
-2.23760024e-01
-2.22400308e-01
-2.21038491e-01
-2.19674587e-01
-2.18308613e-01
-2.16940597e-01
-2.15570524e-01
-2.14198440e-01
-2.12824345e-01
-2.11448222e-01
-2.10070133e-01
-2.08690047e-01
-2.07308009e-01
-2.05924004e-01
-2.04538062e-01
-2.03150183e-01
-2.01760411e-01
-2.00368732e-01
-1.98975146e-01
-1.97579712e-01
-1.96182415e-01
-1.94783255e-01
-1.93382278e-01
-1.91979468e-01
-1.90574855e-01
-1.89168453e-01
-1.87760264e-01
-1.86350301e-01
-1.84938595e-01
-1.83525130e-01
-1.82109967e-01
-1.80693075e-01
-1.79274499e-01
-1.77854225e-01
-1.76432282e-01
-1.75008684e-01
-1.73583448e-01
-1.72156572e-01
-1.70728087e-01
-1.69297978e-01
-1.67866305e-01
-1.66433036e-01
-1.64998204e-01
-1.63561836e-01
-1.62123933e-01
-1.60684496e-01
-1.59243539e-01
-1.57801092e-01
-1.56357169e-01
-1.54911757e-01
-1.53464913e-01
-1.52016610e-01
-1.50566891e-01
-1.49115741e-01
-1.47663206e-01
-1.46209285e-01
-1.44753978e-01
-1.43297315e-01
-1.41839296e-01
-1.40379950e-01
-1.38919294e-01
-1.37457326e-01
-1.35994077e-01
-1.34529531e-01
-1.33063719e-01
-1.31596670e-01
-1.30128369e-01
-1.28658846e-01
-1.27188116e-01
-1.25716195e-01
-1.24243096e-01
-1.22768819e-01
-1.21293396e-01
-1.19816825e-01
-1.18339129e-01
-1.16860315e-01
-1.15380406e-01
-1.13899402e-01
-1.12417333e-01
-1.10934205e-01
-1.09450035e-01
-1.07964829e-01
-1.06478609e-01
-1.04991384e-01
-1.03503175e-01
-1.02013990e-01
-1.00523852e-01
-9.90327597e-02
-9.75407362e-02
-9.60477963e-02
-9.45539549e-02
-9.30592120e-02
-9.15635973e-02
-9.00671259e-02
-8.85698050e-02
-8.70716497e-02
-8.55726749e-02
-8.40729028e-02
-8.25723335e-02
-8.10709968e-02
-7.95688927e-02
-7.80660436e-02
-7.65624642e-02
-7.50581622e-02
-7.35531598e-02
-7.20474645e-02
-7.05410913e-02
-6.90340549e-02
-6.75263628e-02
-6.60180375e-02
-6.45090938e-02
-6.29995391e-02
-6.14893958e-02
-5.99786714e-02
-5.84673844e-02
-5.69555461e-02
-5.54431714e-02
-5.39302751e-02
-5.24168722e-02
-5.09029739e-02
-4.93886024e-02
-4.78737615e-02
-4.63584736e-02
-4.48427461e-02
-4.33265977e-02
-4.18100394e-02
-4.02930863e-02
-3.87757532e-02
-3.72580551e-02
-3.57400067e-02
-3.42216268e-02
-3.27029228e-02
-3.11839078e-02
-2.96646021e-02
-2.81450171e-02
-2.66251676e-02
-2.51050666e-02
-2.35847309e-02
-2.20641736e-02
-2.05434076e-02
-1.90224480e-02
-1.75013095e-02
-1.59800090e-02
-1.44585567e-02
-1.29369674e-02
-1.14152571e-02
-9.89343878e-03
-8.37152824e-03
-6.84953993e-03
-5.32748690e-03
-3.80538334e-03
-2.28324439e-03
-7.61083851e-04
7.61083851e-04
2.28324439e-03
