-7.10691849e-04
-2.36898035e-04
2.36898035e-04
7.10691849e-04
1.18447898e-03
1.65825500e-03
2.13201554e-03
2.60575558e-03
3.07947118e-03
3.55315791e-03
4.02681110e-03
4.50042682e-03
4.97399922e-03
5.44752553e-03
5.92100061e-03
6.39442028e-03
6.86777942e-03
7.34107383e-03
7.81429932e-03
8.28745030e-03
8.76052398e-03
9.23351478e-03
9.70641989e-03
1.01792328e-02
1.06519498e-02
1.11245671e-02
1.15970792e-02
1.20694824e-02
1.25417728e-02
1.30139459e-02
1.34859951e-02
1.39579168e-02
1.44297080e-02
1.49013624e-02
1.53728761e-02
1.58442445e-02
1.63154658e-02
1.67865306e-02
1.72574390e-02
1.77281871e-02
1.81987658e-02
1.86691750e-02
1.91394053e-02
1.96094587e-02
2.00793259e-02
2.05490049e-02
2.10184883e-02
2.14877762e-02
2.19568629e-02
2.24257428e-02
2.28944123e-02
2.33628638e-02
2.38310974e-02
2.42991075e-02
2.47668885e-02
2.52344348e-02
2.57017445e-02
2.61688102e-02
2.66356301e-02
2.71021985e-02
2.75685117e-02
2.80345660e-02
2.85003539e-02
2.89658755e-02
2.94311233e-02
2.98960954e-02
3.03607844e-02
3.08251902e-02
3.12893018e-02
3.17531228e-02
3.22166421e-02
3.26798633e-02
3.31427716e-02
3.36053707e-02
3.40676494e-02
3.45296115e-02
3.49912457e-02
3.54525559e-02
3.59135307e-02
3.63741666e-02
3.68344598e-02
3.72944102e-02
3.77540067e-02
3.82132493e-02
3.86721306e-02
3.91306505e-02
3.95887978e-02
4.00465764e-02
4.05039787e-02
4.09609973e-02
4.14176360e-02
4.18738835e-02
4.23297361e-02
4.27851900e-02
4.32402417e-02
4.36948873e-02
4.41491194e-02
4.46029380e-02
4.50563356e-02
4.55093123e-02
4.59618606e-02
4.64139767e-02
4.68656532e-02
4.73168902e-02
4.77676839e-02
4.82180268e-02
4.86679152e-02
4.91173454e-02
4.95663136e-02
5.00148125e-02
5.04628420e-02
5.09103909e-02
5.13574630e-02
5.18040545e-02
5.22501506e-02
5.26957624e-02
5.31408750e-02
5.35854809e-02
5.40295877e-02
5.44731840e-02
5.49162626e-02
5.53588271e-02
5.58008738e-02
5.62423915e-02
5.66833802e-02
5.71238361e-02
5.75637557e-02
5.80031313e-02
5.84419593e-02
5.88802360e-02
5.93179613e-02
5.97551242e-02
6.01917244e-02
6.06277622e-02
6.10632263e-02
6.14981130e-02
6.19324222e-02
6.23661503e-02
6.27992898e-02
6.32318482e-02
6.36638030e-02
6.40951619e-02
6.45259172e-02
6.49560615e-02
6.53855950e-02
6.58145174e-02
6.62428141e-02
6.66704923e-02
6.70975447e-02
6.75239637e-02
6.79497421e-02
6.83748871e-02
6.87993839e-02
6.92232400e-02
6.96464404e-02
7.00689852e-02
7.04908744e-02
7.09121004e-02
7.13326558e-02
7.17525482e-02
7.21717551e-02
7.25902915e-02
7.30081424e-02
7.34253079e-02
7.38417804e-02
7.42575601e-02
7.46726394e-02
7.50870109e-02
7.55006820e-02
7.59136453e-02
7.63258934e-02
7.67374188e-02
7.71482289e-02
7.75583088e-02
7.79676661e-02
7.83762783e-02
7.87841603e-02
7.91912973e-02
7.95976967e-02
8.00033510e-02
8.04082453e-02
8.08123797e-02
8.12157542e-02
8.16183686e-02
8.20202157e-02
8.24212879e-02
8.28215852e-02
8.32211077e-02
8.36198479e-02
8.40177983e-02
8.44149590e-02
8.48113224e-02
8.52068886e-02
8.56016576e-02
8.59956294e-02
8.63887817e-02
8.67811292e-02
8.71726573e-02
8.75633582e-02
8.79532397e-02
8.83422941e-02
8.87305290e-02
8.91179219e-02
8.95044804e-02
8.98901969e-02
9.02750641e-02
9.06590894e-02
9.10422504e-02
9.14245620e-02
9.18060094e-02
9.21866000e-02
9.25663263e-02
9.29451808e-02
9.33231562e-02
9.37002525e-02
9.40764695e-02
9.44518000e-02
9.48262513e-02
9.51998010e-02
9.55724567e-02
9.59442183e-02
9.63150710e-02
9.66850072e-02
9.70540270e-02
9.74221379e-02
9.77893323e-02
9.81555954e-02
9.85209420e-02
9.88853648e-02
9.92488414e-02
9.96113941e-02
9.99730080e-02
1.00333668e-01
1.00693390e-01
1.01052165e-01
1.01409979e-01
1.01766847e-01
1.02122761e-01
1.02477714e-01
1.02831699e-01
1.03184700e-01
1.03536732e-01
1.03887789e-01
1.04237869e-01
1.04586974e-01
1.04935087e-01
1.05282217e-01
1.05628349e-01
1.05973482e-01
1.06317617e-01
1.06660753e-01
1.07002892e-01
1.07344016e-01
1.07684128e-01
1.08023219e-01
1.08361304e-01
1.08698353e-01
1.09034389e-01
1.09369397e-01
1.09703377e-01
1.10036321e-01
1.10368222e-01
1.10699095e-01
1.11028917e-01
1.11357696e-01
1.11685432e-01
1.12012103e-01
1.12337731e-01
1.12662293e-01
1.12985790e-01
1.13308236e-01
1.13629609e-01
1.13949917e-01
1.14269145e-01
1.14587300e-01
1.14904381e-01
1.15220368e-01
1.15535274e-01
1.15849093e-01
1.16161823e-01
1.16473459e-01
1.16783991e-01
1.17093436e-01
1.17401764e-01
1.17708996e-01
1.18015118e-01
1.18320130e-01
1.18624017e-01
1.18926793e-01
1.19228452e-01
1.19528987e-01
1.19828396e-01
1.20126680e-01
1.20423824e-01
1.20719843e-01
1.21014722e-01
1.21308453e-01
1.21601053e-01
1.21892504e-01
1.22182809e-01
1.22471958e-01
1.22759961e-01
1.23046808e-01
1.23332493e-01
1.23617008e-01
1.23900369e-01
1.24182567e-01
1.24463588e-01
1.24743439e-01
1.25022113e-01
1.25299618e-01
1.25575945e-01
1.25851095e-01
1.26125053e-01
1.26397833e-01
1.26669437e-01
1.26939848e-01
1.27209082e-01
1.27477109e-01
1.27743945e-01
1.28009588e-01
1.28274024e-01
1.28537238e-01
1.28799230e-01
1.29060000e-01
1.29319549e-01
1.29577905e-01
1.29835024e-01
1.30090922e-01
1.30345583e-01
1.30599037e-01
1.30851254e-01
1.31102249e-01
1.31351992e-01
1.31600499e-01
1.31847784e-01
1.32093817e-01
1.32338628e-01
1.32582173e-01
1.32824481e-01
1.33065552e-01
1.33305371e-01
1.33543938e-01
1.33781254e-01
1.34017318e-01
1.34252131e-01
1.34485677e-01
1.34717941e-01
1.34948954e-01
1.35178670e-01
1.35407120e-01
1.35634288e-01
1.35860190e-01
1.36084795e-01
1.36308119e-01
1.36530176e-01
1.36750937e-01
1.36970401e-01
1.37188584e-01
1.37405470e-01
1.37621075e-01
1.37835383e-01
1.38048396e-01
1.38260126e-01
1.38470545e-01
1.38679653e-01
1.38887465e-01
1.39093965e-01
1.39299169e-01
1.39503077e-01
1.39705658e-01
1.39906928e-01
1.40106887e-01
1.40305534e-01
1.40502870e-01
1.40698880e-01
1.40893549e-01
1.41086891e-01
1.41278908e-01
1.41469598e-01
1.41658947e-01
1.41846955e-01
1.42033637e-01
1.42218977e-01
1.42402977e-01
1.42585620e-01
1.42766938e-01
1.42946899e-01
1.43125534e-01
1.43302813e-01
1.43478736e-01
1.43653333e-01
1.43826559e-01
1.43998444e-01
1.44168958e-01
1.44338131e-01
1.44505948e-01
1.44672409e-01
1.44837514e-01
1.45001248e-01
1.45163640e-01
1.45324662e-01
1.45484313e-01
1.45642608e-01
1.45799547e-01
1.45955101e-01
1.46109283e-01
1.46262109e-01
1.46413550e-01
1.46563619e-01
1.46712318e-01
1.46859646e-01
1.47005603e-01
1.47150174e-01
1.47293359e-01
1.47435158e-01
1.47575572e-01
1.47714585e-01
1.47852227e-01
1.47988468e-01
1.48123324e-01
1.48256779e-01
1.48388818e-01
1.48519471e-01
1.48648724e-01
1.48776576e-01
1.48903027e-01
1.49028078e-01
1.49151742e-01
1.49274006e-01
1.49394855e-01
1.49514318e-01
1.49632350e-01
1.49748996e-01
1.49864227e-01
1.49978071e-01
1.50090486e-01
1.50201499e-01
1.50311098e-01
1.50419295e-01
1.50526077e-01
1.50631458e-01
1.50735423e-01
1.50837958e-01
1.50939092e-01
1.51038826e-01
1.51137128e-01
1.51234001e-01
1.51329488e-01
1.51423529e-01
1.51516169e-01
1.51607379e-01
1.51697204e-01
1.51785612e-01
1.51872605e-01
1.51958168e-01
1.52042314e-01
1.52125046e-01
1.52206376e-01
1.52286291e-01
1.52364790e-01
1.52441859e-01
1.52517498e-01
1.52591720e-01
1.52664527e-01
1.52735934e-01
1.52805910e-01
1.52874470e-01
1.52941599e-01
1.53007329e-01
1.53071642e-01
1.53134540e-01
1.53196007e-01
1.53256044e-01
1.53314605e-01
1.53371722e-01
1.53427377e-01
1.53481573e-01
1.53534308e-01
1.53585583e-01
1.53635383e-01
1.53683707e-01
1.53730556e-01
1.53775930e-01
1.53819844e-01
1.53862298e-01
1.53903291e-01
1.53942809e-01
1.53980866e-01
1.54017463e-01
1.54052600e-01
1.54086262e-01
1.54118463e-01
1.54149204e-01
1.54178485e-01
1.54206291e-01
1.54232636e-01
1.54257521e-01
1.54280946e-01
1.54302895e-01
1.54323384e-01
1.54342413e-01
1.54359981e-01
1.54376075e-01
1.54390693e-01
1.54403850e-01
1.54415548e-01
1.54425785e-01
1.54434547e-01
1.54441848e-01
1.54447690e-01
1.54452071e-01
1.54454976e-01
1.54456422e-01
1.54456407e-01
1.54454932e-01
1.54451981e-01
1.54447570e-01
1.54441699e-01
1.54434368e-01
1.54425561e-01
1.54415295e-01
1.54403567e-01
1.54390380e-01
1.54375717e-01
1.54359579e-01
1.54341981e-01
1.54322922e-01
1.54302403e-01
1.54280424e-01
1.54256985e-01
1.54232085e-01
1.54205725e-01
1.54177904e-01
1.54148623e-01
1.54117867e-01
1.54085636e-01
1.54051945e-01
1.54016793e-01
1.53980181e-01
1.53942093e-01
1.53902546e-01
1.53861538e-01
1.53819069e-01
1.53775126e-01
1.53729722e-01
1.53682858e-01
1.53634533e-01
1.53584734e-01
1.53533474e-01
1.53480753e-01
1.53426573e-01
1.53370917e-01
1.53313801e-01
1.53255224e-01
1.53195187e-01
1.53133690e-01
1.53070763e-01
1.53006420e-01
1.52940676e-01
1.52873516e-01
1.52804941e-01
1.52734935e-01
1.52663514e-01
1.52590677e-01
1.52516440e-01
1.52440786e-01
1.52363732e-01
1.52285248e-01
1.52205363e-01
1.52124062e-01
1.52041346e-01
1.51957214e-01
1.51871651e-01
1.51784658e-01
1.51696265e-01
1.51606455e-01
1.51515231e-01
1.51422590e-01
1.51328534e-01
1.51233062e-01
1.51136175e-01
1.51037872e-01
1.50938153e-01
1.50837019e-01
1.50734469e-01
1.50630504e-01
1.50525123e-01
1.50418356e-01
1.50310174e-01
1.50200590e-01
1.50089562e-01
1.49977133e-01
1.49863303e-01
1.49748072e-01
1.49631426e-01
1.49513394e-01
1.49393931e-01
1.49273098e-01
1.49150848e-01
1.49027184e-01
1.48902118e-01
1.48775667e-01
1.48647815e-01
1.48518547e-01
1.48387894e-01
1.48255855e-01
1.48122415e-01
1.47987559e-01
1.47851333e-01
1.47713706e-01
1.47574678e-01
1.47434264e-01
1.47292465e-01
1.47149265e-01
1.47004694e-01
1.46858737e-01
1.46711409e-01
1.46562710e-01
1.46412641e-01
1.46261200e-01
1.46108374e-01
1.45954192e-01
1.45798638e-01
1.45641699e-01
1.45483404e-01
1.45323753e-01
1.45162746e-01
1.45000353e-01
1.44836605e-01
1.44671500e-01
1.44505054e-01
1.44337237e-01
1.44168049e-01
1.43997535e-01
1.43825635e-01
1.43652394e-01
1.43477798e-01
1.43301874e-01
1.43124580e-01
1.42945960e-01
1.42765984e-01
1.42584667e-01
1.42402023e-01
1.42218009e-01
1.42032668e-01
1.41845986e-01
1.41657978e-01
1.41468629e-01
1.41277939e-01
1.41085938e-01
1.40892580e-01
1.40697882e-01
1.40501872e-01
1.40304536e-01
1.40105888e-01
1.39905915e-01
1.39704630e-01
1.39502048e-01
1.39298141e-01
1.39092937e-01
1.38886422e-01
1.38678595e-01
1.38469473e-01
1.38259053e-01
1.38047338e-01
1.37834325e-01
1.37620002e-01
1.37404397e-01
1.37187481e-01
1.36969298e-01
1.36749804e-01
1.36529028e-01
1.36306971e-01
1.36083618e-01
1.35859013e-01
1.35633111e-01
1.35405928e-01
1.35177478e-01
1.34947747e-01
1.34716749e-01
1.34484485e-01
1.34250939e-01
1.34016141e-01
1.33780077e-01
1.33542761e-01
1.33304194e-01
1.33064359e-01
1.32823288e-01
1.32580981e-01
1.32337421e-01
1.32092625e-01
1.31846577e-01
1.31599292e-01
1.31350771e-01
1.31101012e-01
1.30850032e-01
1.30597800e-01
1.30344361e-01
1.30089685e-01
1.29833788e-01
1.29576668e-01
1.29318327e-01
1.29058748e-01
1.28797978e-01
1.28535986e-01
1.28272772e-01
1.28008336e-01
1.27742693e-01
1.27475843e-01
1.27207801e-01
1.26938552e-01
1.26668140e-01
1.26396537e-01
1.26123756e-01
1.25849798e-01
1.25574633e-01
1.25298291e-01
1.25020772e-01
1.24742068e-01
1.24462210e-01
1.24181166e-01
1.23898953e-01
1.23615578e-01
1.23331040e-01
1.23045348e-01
1.22758485e-01
1.22470476e-01
1.22181311e-01
1.21890999e-01
1.21599540e-01
1.21306933e-01
1.21013187e-01
1.20718300e-01
1.20422281e-01
1.20125130e-01
1.19826846e-01
1.19527429e-01
1.19226888e-01
1.18925229e-01
1.18622437e-01
1.18318528e-01
1.18013516e-01
1.17707387e-01
1.17400147e-01
1.17091805e-01
1.16782360e-01
1.16471820e-01
1.16160177e-01
1.15847446e-01
1.15533620e-01
1.15218706e-01
1.14902705e-01
1.14585616e-01
1.14267461e-01
1.13948219e-01
1.13627911e-01
1.13306530e-01
1.12984084e-01
1.12660572e-01
1.12336002e-01
1.12010375e-01
1.11683689e-01
1.11355960e-01
1.11027174e-01
1.10697336e-01
1.10366464e-01
1.10034548e-01
1.09701596e-01
1.09367616e-01
1.09032609e-01
1.08696565e-01
1.08359501e-01
1.08021416e-01
1.07682317e-01
1.07342198e-01
1.07001066e-01
1.06658921e-01
1.06315784e-01
1.05971642e-01
1.05626501e-01
1.05280362e-01
1.04933232e-01
1.04585126e-01
1.04236014e-01
1.03885934e-01
1.03534870e-01
1.03182830e-01
1.02829821e-01
1.02475837e-01
1.02120884e-01
1.01764970e-01
1.01408102e-01
1.01050280e-01
1.00691505e-01
1.00331776e-01
9.99711081e-02
9.96095017e-02
9.92469490e-02
9.88834649e-02
9.85190421e-02
9.81536955e-02
9.77874175e-02
9.74202305e-02
9.70521197e-02
9.66830999e-02
9.63131562e-02
9.59423035e-02
9.55705419e-02
9.51978862e-02
9.48243365e-02
9.44499001e-02
9.40745771e-02
9.36983600e-02
9.33212563e-02
9.29432809e-02
9.25644264e-02
9.21847001e-02
9.18041095e-02
9.14226547e-02
9.10403430e-02
9.06571746e-02
9.02731642e-02
8.98882970e-02
8.95025805e-02
8.91160220e-02
8.87286291e-02
8.83404016e-02
8.79513472e-02
8.75614583e-02
8.71707499e-02
8.67792219e-02
8.63868743e-02
8.59937146e-02
8.55997503e-02
8.52049738e-02
8.48094001e-02
8.44130367e-02
8.40158686e-02
8.36179182e-02
8.32191780e-02
8.28196555e-02
8.24193507e-02
8.20182711e-02
8.16164240e-02
8.12138095e-02
8.08104277e-02
8.04062933e-02
8.00013989e-02
7.95957521e-02
7.91893527e-02
7.87822083e-02
7.83743337e-02
7.79657140e-02
7.75563642e-02
7.71462768e-02
7.67354742e-02
7.63239339e-02
7.59116784e-02
7.54987076e-02
7.50850365e-02
7.46706724e-02
7.42555931e-02
7.38398209e-02
7.34233484e-02
7.30061904e-02
7.25883394e-02
7.21698031e-02
7.17505962e-02
7.13307112e-02
7.09101558e-02
7.04889297e-02
7.00670481e-02
6.96445033e-02
6.92213029e-02
6.87974468e-02
6.83729500e-02
6.79478124e-02
6.75220340e-02
6.70956150e-02
6.66685626e-02
6.62408844e-02
6.58125952e-02
6.53836802e-02
6.49541542e-02
6.45240098e-02
6.40932545e-02
6.36619031e-02
6.32299483e-02
6.27973974e-02
6.23642541e-02
6.19305260e-02
6.14962205e-02
6.10613339e-02
6.06258735e-02
6.01898357e-02
5.97532354e-02
5.93160763e-02
5.88783547e-02
5.84400780e-02
5.80012538e-02
5.75618781e-02
5.71219623e-02
5.66815138e-02
5.62405251e-02
5.57990111e-02
5.53569719e-02
5.49144112e-02
5.44713289e-02
5.40277362e-02
5.35836332e-02
5.31390272e-02
5.26939183e-02
5.22483103e-02
5.18022142e-02
5.13556264e-02
5.09085581e-02
5.04610129e-02
5.00129871e-02
4.95644957e-02
4.91155311e-02
4.86661047e-02
4.82162237e-02
4.77658845e-02
4.73150946e-02
4.68638577e-02
4.64121811e-02
4.59600650e-02
4.55075204e-02
4.50545475e-02
4.46011499e-02
4.41473350e-02
4.36931066e-02
4.32384610e-02
4.27834131e-02
4.23279628e-02
4.18721139e-02
4.14158702e-02
4.09592390e-02
4.05022241e-02
4.00448255e-02
3.95870507e-02
3.91289070e-02
3.86703946e-02
3.82115170e-02
3.77522819e-02
3.72926928e-02
3.68327498e-02
3.63724604e-02
3.59118283e-02
3.54508571e-02
3.49895544e-02
3.45279239e-02
3.40659693e-02
3.36036943e-02
3.31410989e-02
3.26781943e-02
3.22149843e-02
3.17514651e-02
3.12876515e-02
3.08235455e-02
3.03591471e-02
2.98944619e-02
2.94294972e-02
2.89642550e-02
2.84987390e-02
2.80329548e-02
2.75669079e-02
2.71006003e-02
2.66340356e-02
2.61672232e-02
2.57001631e-02
2.52328608e-02
2.47653220e-02
2.42975485e-02
2.38295440e-02
2.33613178e-02
2.28928700e-02
2.24242061e-02
2.19553337e-02
2.14862525e-02
2.10169703e-02
2.05474887e-02
2.00778153e-02
1.96079537e-02
1.91379078e-02
1.86676811e-02
1.81972794e-02
1.77267063e-02
1.72559675e-02
1.67850647e-02
1.63140055e-02
1.58427916e-02
1.53714297e-02
1.48999225e-02
1.44282747e-02
1.39564918e-02
1.34845767e-02
1.30125349e-02
1.25403702e-02
1.20680872e-02
1.15956916e-02
1.11231860e-02
1.06505770e-02
1.01778666e-02
9.70506109e-03
9.23216436e-03
8.75918008e-03
8.28611385e-03
7.81296939e-03
7.33975088e-03
6.86646439e-03
6.39311271e-03
5.91970142e-03
5.44623332e-03
4.97271493e-03
4.49914997e-03
4.02554218e-03
3.55189620e-03
3.07821692e-03
2.60450877e-03
2.13077595e-03
1.65702321e-03
1.18325488e-03
7.09475309e-04
2.35689164e-04
-2.38099252e-04
-7.11885397e-04
-1.18566479e-03
-1.65943312e-03
-2.13318574e-03
-2.60691834e-03
-3.08062625e-03
-3.55430529e-03
-4.02795104e-03
-4.50155837e-03
-4.97512333e-03
-5.44864172e-03
-5.92210889e-03
-6.39552064e-03
-6.86887139e-03
-7.34215742e-03
-7.81537499e-03
-8.28851853e-03
-8.76158476e-03
-9.23456904e-03
-9.70746484e-03
-1.01802703e-02
-1.06529789e-02
-1.11255888e-02
-1.15980944e-02
-1.20704900e-02
-1.25427730e-02
-1.30149368e-02
-1.34869777e-02
-1.39588919e-02
-1.44306747e-02
-1.49023207e-02
-1.53738270e-02
-1.58451907e-02
-1.63164027e-02
-1.67874638e-02
-1.72583647e-02
-1.77291036e-02
-1.81996729e-02
-1.86700709e-02
-1.91402957e-02
-1.96103398e-02
-2.00802013e-02
-2.05498710e-02
-2.10193489e-02
-2.14886274e-02
-2.19577048e-02
-2.24265773e-02
-2.28952356e-02
-2.33636815e-02
-2.38319077e-02
-2.42999084e-02
-2.47676801e-02
-2.52352208e-02
-2.57025212e-02
-2.61695795e-02
-2.66363919e-02
-2.71029547e-02
-2.75692623e-02
-2.80353092e-02
-2.85010915e-02
-2.89666038e-02
-2.94318441e-02
-2.98968069e-02
-3.03614903e-02
-3.08258869e-02
-3.12899910e-02
-3.17538045e-02
-3.22173163e-02
-3.26805264e-02
-3.31434272e-02
-3.36060151e-02
-3.40682864e-02
-3.45302410e-02
-3.49918678e-02
-3.54531705e-02
-3.59141342e-02
-3.63747627e-02
-3.68350521e-02
-3.72949913e-02
-3.77545767e-02
-3.82138118e-02
-3.86726856e-02
-3.91311944e-02
-3.95893380e-02
-4.00471091e-02
-4.05045003e-02
-4.09615114e-02
-4.14181352e-02
-4.18743715e-02
-4.23302129e-02
-4.27856594e-02
-4.32406999e-02
-4.36953381e-02
-4.41495664e-02
-4.46033776e-02
-4.50567678e-02
-4.55097333e-02
-4.59622741e-02
-4.64143828e-02
-4.68660519e-02
-4.73172814e-02
-4.77680676e-02
-4.82183993e-02
-4.86682802e-02
-4.91176993e-02
-4.95666564e-02
-5.00151478e-02
-5.04631661e-02
-5.09107113e-02
-5.13577797e-02
-5.18043600e-02
-5.22504523e-02
-5.26960492e-02
-5.31411506e-02
-5.35857566e-02
-5.40298559e-02
-5.44734411e-02
-5.49165197e-02
-5.53590767e-02
-5.58011122e-02
-5.62426224e-02
-5.66835999e-02
-5.71240447e-02
-5.75639531e-02
-5.80033213e-02
-5.84421381e-02
-5.88804074e-02
-5.93181215e-02
-5.97552806e-02
-6.01918735e-02
-6.06279038e-02
-6.10633604e-02
-6.14982396e-02
-6.19325414e-02
-6.23662621e-02
-6.27994016e-02
-6.32319450e-02
-6.36638924e-02
-6.40952438e-02
-6.45259917e-02
-6.49561286e-02
-6.53856546e-02
-6.58145621e-02
-6.62428513e-02
-6.66705221e-02
-6.70975596e-02
-6.75239712e-02
-6.79497495e-02
-6.83748871e-02
-6.87993690e-02
-6.92232102e-02
-6.96464032e-02
-7.00689480e-02
-7.04908296e-02
-7.09120408e-02
-7.13325962e-02
-7.17524737e-02
-7.21716732e-02
-7.25901946e-02
-7.30080381e-02
-7.34251961e-02
-7.38416612e-02
-7.42574260e-02
-7.46724904e-02
-7.50868544e-02
-7.55005106e-02
-7.59134665e-02
-7.63257146e-02
-7.67372400e-02
-7.71480426e-02
-7.75581151e-02
-7.79674575e-02
-7.83760697e-02
-7.87839368e-02
-7.91910663e-02
-7.95974508e-02
-8.00030977e-02
-8.04079846e-02
-8.08121115e-02
-8.12154785e-02
-8.16180855e-02
-8.20199251e-02
-8.24209899e-02
-8.28212798e-02
-8.32207873e-02
-8.36195201e-02
-8.40174630e-02
-8.44146088e-02
-8.48109722e-02
-8.52065310e-02
-8.56012926e-02
-8.59952495e-02
-8.63884017e-02
-8.67807344e-02
-8.71722549e-02
-8.75629485e-02
-8.79528224e-02
-8.83418769e-02
-8.87300968e-02
-8.91174823e-02
-8.95040333e-02
-8.98897350e-02
-9.02746022e-02
-9.06586125e-02
-9.10417661e-02
-9.14240628e-02
-9.18055102e-02
-9.21860859e-02
-9.25658047e-02
-9.29446518e-02
-9.33226198e-02
-9.36997011e-02
-9.40759107e-02
-9.44512337e-02
-9.48256627e-02
-9.51992050e-02
-9.55718383e-02
-9.59435850e-02
-9.63144228e-02
-9.66843516e-02
-9.70533714e-02
-9.74214673e-02
-9.77886543e-02
-9.81549099e-02
-9.85202491e-02
-9.88846496e-02
-9.92481261e-02
-9.96106565e-02
-9.99722555e-02
-1.00332916e-01
-1.00692630e-01
-1.01051398e-01
-1.01409212e-01
-1.01766072e-01
-1.02121972e-01
-1.02476910e-01
-1.02830887e-01
-1.03183895e-01
-1.03535920e-01
-1.03886962e-01
-1.04237042e-01
-1.04586132e-01
-1.04934245e-01
-1.05281368e-01
-1.05627492e-01
-1.05972618e-01
-1.06316745e-01
-1.06659874e-01
-1.07001990e-01
-1.07343107e-01
-1.07683212e-01
-1.08022295e-01
-1.08360358e-01
-1.08697407e-01
-1.09033428e-01
-1.09368421e-01
-1.09702386e-01
-1.10035315e-01
-1.10367216e-01
-1.10698074e-01
-1.11027896e-01
-1.11356661e-01
-1.11684375e-01
-1.12011045e-01
-1.12336650e-01
-1.12661205e-01
-1.12984695e-01
-1.13307126e-01
-1.13628484e-01
-1.13948777e-01
-1.14267997e-01
-1.14586145e-01
-1.14903212e-01
-1.15219198e-01
-1.15534097e-01
-1.15847908e-01
-1.16160624e-01
-1.16472244e-01
-1.16782770e-01
-1.17092192e-01
-1.17400520e-01
-1.17707729e-01
-1.18013844e-01
-1.18318841e-01
-1.18622728e-01
-1.18925497e-01
-1.19227141e-01
-1.19527660e-01
-1.19827062e-01
-1.20125331e-01
-1.20422468e-01
-1.20718479e-01
-1.21013343e-01
-1.21307068e-01
-1.21599659e-01
-1.21891104e-01
-1.22181401e-01
-1.22470535e-01
-1.22758523e-01
-1.23045355e-01
-1.23331025e-01
-1.23615533e-01
-1.23898886e-01
-1.24181062e-01
-1.24462090e-01
-1.24741927e-01
-1.25020608e-01
-1.25298098e-01
-1.25574425e-01
-1.25849560e-01
-1.26123518e-01
-1.26396284e-01
-1.26667872e-01
-1.26938254e-01
-1.27207458e-01
-1.27475485e-01
-1.27742320e-01
-1.28007948e-01
-1.28272355e-01
-1.28535554e-01
-1.28797546e-01
-1.29058301e-01
-1.29317850e-01
-1.29576176e-01
-1.29833281e-01
-1.30089179e-01
-1.30343840e-01
-1.30597278e-01
-1.30849481e-01
-1.31100461e-01
-1.31350204e-01
-1.31598696e-01
-1.31845966e-01
-1.32091984e-01
-1.32336780e-01
-1.32580310e-01
-1.32822618e-01
-1.33063674e-01
-1.33303478e-01
-1.33542031e-01
-1.33779332e-01
-1.34015381e-01
-1.34250179e-01
-1.34483710e-01
-1.34715959e-01
-1.34946942e-01
-1.35176659e-01
-1.35405093e-01
-1.35632262e-01
-1.35858148e-01
-1.36082754e-01
-1.36306062e-01
-1.36528090e-01
-1.36748850e-01
-1.36968315e-01
-1.37186497e-01
-1.37403369e-01
-1.37618974e-01
-1.37833267e-01
-1.38046265e-01
-1.38257965e-01
-1.38468370e-01
-1.38677493e-01
-1.38885289e-01
-1.39091790e-01
-1.39296994e-01
-1.39500871e-01
-1.39703453e-01
-1.39904723e-01
-1.40104666e-01
-1.40303314e-01
-1.40500635e-01
-1.40696630e-01
-1.40891299e-01
-1.41084656e-01
-1.41276658e-01
-1.41467348e-01
-1.41656682e-01
-1.41844690e-01
-1.42031357e-01
-1.42216668e-01
-1.42400652e-01
-1.42583281e-01
-1.42764583e-01
-1.42944530e-01
-1.43123150e-01
-1.43300414e-01
-1.43476352e-01
-1.43650919e-01
-1.43824160e-01
-1.43996030e-01
-1.44166559e-01
-1.44335717e-01
-1.44503534e-01
-1.44669980e-01
-1.44835085e-01
-1.44998819e-01
-1.45161197e-01
-1.45322204e-01
-1.45481870e-01
-1.45640150e-01
-1.45797074e-01
-1.45952612e-01
-1.46106780e-01
-1.46259591e-01
-1.46411017e-01
-1.46561086e-01
-1.46709785e-01
-1.46857113e-01
-1.47003055e-01
-1.47147626e-01
-1.47290796e-01
-1.47432595e-01
-1.47572994e-01
-1.47712022e-01
-1.47849649e-01
-1.47985891e-01
-1.48120716e-01
-1.48254171e-01
-1.48386210e-01
-1.48516864e-01
-1.48646131e-01
-1.48773968e-01
-1.48900419e-01
-1.49025470e-01
-1.49149120e-01
-1.49271354e-01
-1.49392202e-01
-1.49511635e-01
-1.49629682e-01
-1.49746314e-01
-1.49861544e-01
-1.49975359e-01
-1.50087789e-01
-1.50198802e-01
-1.50308400e-01
-1.50416598e-01
-1.50523365e-01
-1.50628731e-01
-1.50732681e-01
-1.50835216e-01
-1.50936350e-01
-1.51036069e-01
-1.51134372e-01
-1.51231259e-01
-1.51326731e-01
-1.51420802e-01
-1.51513442e-01
-1.51604667e-01
-1.51694462e-01
-1.51782855e-01
-1.51869819e-01
-1.51955381e-01
-1.52039513e-01
-1.52122244e-01
-1.52203560e-01
-1.52283460e-01
-1.52361944e-01
-1.52438998e-01
-1.52514637e-01
-1.52588859e-01
-1.52661666e-01
-1.52733073e-01
-1.52803048e-01
-1.52871609e-01
-1.52938738e-01
-1.53004467e-01
-1.53068781e-01
-1.53131679e-01
-1.53193146e-01
-1.53253183e-01
-1.53311744e-01
-1.53368860e-01
-1.53424516e-01
-1.53478712e-01
-1.53531447e-01
-1.53582722e-01
-1.53632522e-01
-1.53680846e-01
-1.53727695e-01
-1.53773069e-01
-1.53816983e-01
-1.53859437e-01
-1.53900430e-01
-1.53939947e-01
-1.53978005e-01
-1.54014602e-01
-1.54049739e-01
-1.54083401e-01
-1.54115602e-01
-1.54146343e-01
-1.54175624e-01
-1.54203430e-01
-1.54229775e-01
-1.54254660e-01
-1.54278085e-01
-1.54300034e-01
-1.54320523e-01
-1.54339552e-01
-1.54357120e-01
-1.54373214e-01
-1.54387832e-01
-1.54400989e-01
-1.54412687e-01
-1.54422924e-01
-1.54431686e-01
-1.54438987e-01
-1.54444829e-01
-1.54449210e-01
-1.54452115e-01
-1.54453561e-01
-1.54453546e-01
-1.54452071e-01
-1.54449120e-01
-1.54444709e-01
-1.54438838e-01
-1.54431507e-01
-1.54422700e-01
-1.54412434e-01
-1.54400706e-01
-1.54387519e-01
-1.54372856e-01
-1.54356718e-01
-1.54339120e-01
-1.54320061e-01
-1.54299542e-01
-1.54277548e-01
-1.54254094e-01
-1.54229179e-01
-1.54202804e-01
-1.54174954e-01
-1.54145643e-01
-1.54114872e-01
-1.54082641e-01
-1.54048935e-01
-1.54013768e-01
-1.53977141e-01
-1.53939053e-01
-1.53899491e-01
-1.53858468e-01
-1.53815985e-01
-1.53772041e-01
-1.53726622e-01
-1.53679743e-01
-1.53631404e-01
-1.53581619e-01
-1.53530374e-01
-1.53477669e-01
-1.53423503e-01
-1.53367862e-01
-1.53310761e-01
-1.53252199e-01
-1.53192163e-01
-1.53130695e-01
-1.53067797e-01
-1.53003484e-01
-1.52937740e-01
-1.52870581e-01
-1.52802005e-01
-1.52732015e-01
-1.52660608e-01
-1.52587786e-01
-1.52513549e-01
-1.52437896e-01
-1.52360827e-01
-1.52282342e-01
-1.52202442e-01
-1.52121112e-01
-1.52038366e-01
-1.51954204e-01
-1.51868626e-01
-1.51781633e-01
-1.51693225e-01
-1.51603416e-01
-1.51512176e-01
-1.51419535e-01
-1.51325464e-01
-1.51229993e-01
-1.51133105e-01
-1.51034787e-01
-1.50935069e-01
-1.50833920e-01
-1.50731385e-01
-1.50627419e-01
-1.50522053e-01
-1.50415257e-01
-1.50307059e-01
-1.50197431e-01
-1.50086418e-01
-1.49973989e-01
-1.49860173e-01
-1.49744928e-01
-1.49628282e-01
-1.49510235e-01
-1.49390772e-01
-1.49269924e-01
-1.49147660e-01
-1.49024010e-01
-1.48898944e-01
-1.48772478e-01
-1.48644611e-01
-1.48515359e-01
-1.48384690e-01
-1.48252636e-01
-1.48119181e-01
-1.47984341e-01
-1.47848099e-01
-1.47710472e-01
-1.47571445e-01
-1.47431031e-01
-1.47289231e-01
-1.47146031e-01
-1.47001460e-01
-1.46855503e-01
-1.46708176e-01
-1.46559477e-01
-1.46409392e-01
-1.46257937e-01
-1.46105126e-01
-1.45950943e-01
-1.45795375e-01
-1.45638451e-01
-1.45480156e-01
-1.45320505e-01
-1.45159483e-01
-1.44997090e-01
-1.44833356e-01
-1.44668251e-01
-1.44501790e-01
-1.44333974e-01
-1.44164801e-01
-1.43994272e-01
-1.43822372e-01
-1.43649131e-01
-1.43474534e-01
-1.43298596e-01
-1.43121317e-01
-1.42942697e-01
-1.42762721e-01
-1.42581418e-01
-1.42398760e-01
-1.42214760e-01
-1.42029420e-01
-1.41842738e-01
-1.41654730e-01
-1.41465396e-01
-1.41274720e-01
-1.41082704e-01
-1.40889347e-01
-1.40694648e-01
-1.40498623e-01
-1.40301287e-01
-1.40102640e-01
-1.39902681e-01
-1.39701411e-01
-1.39498830e-01
-1.39294937e-01
-1.39089718e-01
-1.38883203e-01
-1.38675392e-01
-1.38466284e-01
-1.38255864e-01
-1.38044134e-01
-1.37831122e-01
-1.37616798e-01
-1.37401208e-01
-1.37184307e-01
-1.36966124e-01
-1.36746645e-01
-1.36525869e-01
-1.36303812e-01
-1.36080489e-01
-1.35855868e-01
-1.35629997e-01
-1.35402828e-01
-1.35174364e-01
-1.34944648e-01
-1.34713650e-01
-1.34481385e-01
-1.34247839e-01
-1.34013042e-01
-1.33776978e-01
-1.33539647e-01
-1.33301079e-01
-1.33061260e-01
-1.32820189e-01
-1.32577881e-01
-1.32334322e-01
-1.32089525e-01
-1.31843492e-01
-1.31596223e-01
-1.31347716e-01
-1.31097957e-01
-1.30846977e-01
-1.30594760e-01
-1.30341321e-01
-1.30086645e-01
-1.29830763e-01
-1.29573643e-01
-1.29315302e-01
-1.29055753e-01
-1.28794983e-01
-1.28533006e-01
-1.28269792e-01
-1.28005356e-01
-1.27739713e-01
-1.27472863e-01
-1.27204821e-01
-1.26935601e-01
-1.26665190e-01
-1.26393586e-01
-1.26120806e-01
-1.25846848e-01
-1.25571698e-01
-1.25295371e-01
-1.25017866e-01
-1.24739178e-01
-1.24459326e-01
-1.24178298e-01
-1.23896092e-01
-1.23612732e-01
-1.23328201e-01
-1.23042509e-01
-1.22755662e-01
-1.22467659e-01
-1.22178502e-01
-1.21888198e-01
-1.21596746e-01
-1.21304147e-01
-1.21010408e-01
-1.20715529e-01
-1.20419510e-01
-1.20122358e-01
-1.19824082e-01
-1.19524665e-01
-1.19224131e-01
-1.18922472e-01
-1.18619695e-01
-1.18315801e-01
-1.18010789e-01
-1.17704675e-01
-1.17397450e-01
-1.17089115e-01
-1.16779678e-01
-1.16469145e-01
-1.16157517e-01
-1.15844794e-01
-1.15530975e-01
-1.15216061e-01
-1.14900067e-01
-1.14582986e-01
-1.14264831e-01
-1.13945596e-01
-1.13625295e-01
-1.13303930e-01
-1.12981483e-01
-1.12657987e-01
-1.12333417e-01
-1.12007797e-01
-1.11681126e-01
-1.11353397e-01
-1.11024618e-01
-1.10694796e-01
-1.10363930e-01
-1.10032029e-01
-1.09699093e-01
-1.09365121e-01
-1.09030120e-01
-1.08694091e-01
-1.08357035e-01
-1.08018957e-01
-1.07679874e-01
-1.07339762e-01
-1.06998645e-01
-1.06656522e-01
-1.06313393e-01
-1.05969258e-01
-1.05624132e-01
-1.05278000e-01
-1.04930878e-01
-1.04582772e-01
-1.04233690e-01
-1.03883617e-01
-1.03532568e-01
-1.03180535e-01
-1.02827534e-01
-1.02473564e-01
-1.02118626e-01
-1.01762727e-01
-1.01405874e-01
-1.01048060e-01
-1.00689292e-01
-1.00329578e-01
-9.99689177e-02
-9.96073112e-02
-9.92447808e-02
-9.88813043e-02
-9.85168889e-02
-9.81515571e-02
-9.77852941e-02
-9.74181145e-02
-9.70500186e-02
-9.66809988e-02
-9.63110775e-02
-9.59402397e-02
-9.55684930e-02
-9.51958522e-02
-9.48223174e-02
-9.44478884e-02
-9.40725729e-02
-9.36963707e-02
-9.33192894e-02
-9.29413140e-02
-9.25624743e-02
-9.21827629e-02
-9.18021798e-02
-9.14207399e-02
-9.10384431e-02
-9.06552821e-02
-9.02712792e-02
-8.98864195e-02
-8.95007178e-02
-8.91141742e-02
-8.87267962e-02
-8.83385837e-02
-8.79495367e-02
-8.75596702e-02
-8.71689692e-02
-8.67774561e-02
-8.63851234e-02
-8.59919786e-02
-8.55980217e-02
-8.52032676e-02
-8.48077089e-02
-8.44113529e-02
-8.40141997e-02
-8.36162567e-02
-8.32175314e-02
-8.28180164e-02
-8.24177265e-02
-8.20166692e-02
-8.16148296e-02
-8.12122300e-02
-8.08088630e-02
-8.04047436e-02
-7.99998567e-02
-7.95942247e-02
-7.91878402e-02
-7.87807181e-02
-7.83728436e-02
-7.79642388e-02
-7.75548965e-02
-7.71448389e-02
-7.67340362e-02
-7.63225034e-02
-7.59102628e-02
-7.54973143e-02
-7.50836581e-02
-7.46692941e-02
-7.42542371e-02
-7.38384724e-02
-7.34220147e-02
-7.30048642e-02
-7.25870281e-02
-7.21685067e-02
-7.17493072e-02
-7.13294372e-02
-7.09088966e-02
-7.04876855e-02
-7.00658113e-02
-6.96432814e-02
-6.92200884e-02
-6.87962547e-02
-6.83717653e-02
-6.79466426e-02
-6.75208718e-02
-6.70944676e-02
-6.66674301e-02
-6.62397742e-02
-6.58114925e-02
-6.53825849e-02
-6.49530664e-02
-6.45229369e-02
-6.40922040e-02
-6.36608601e-02
-6.32289276e-02
-6.27963915e-02
-6.23632669e-02
-6.19295575e-02
-6.14952631e-02
-6.10603914e-02
-6.06249459e-02
-6.01889268e-02
-5.97523414e-02
-5.93151934e-02
-5.88774830e-02
-5.84392212e-02
-5.80004118e-02
-5.75610511e-02
-5.71211502e-02
-5.66807128e-02
-5.62397428e-02
-5.57982400e-02
-5.53562157e-02
-5.49136698e-02
-5.44706024e-02
-5.40270247e-02
-5.35829403e-02
-5.31383529e-02
-5.26932590e-02
-5.22476695e-02
-5.18015884e-02
-5.13550192e-02
-5.09079657e-02
-5.04604280e-02
-5.00124209e-02
-4.95639406e-02
-4.91149910e-02
-4.86655831e-02
-4.82157134e-02
-4.77653854e-02
-4.73146141e-02
-4.68633957e-02
-4.64117378e-02
-4.59596403e-02
-4.55071107e-02
-4.50541526e-02
-4.46007699e-02
-4.41469699e-02
-4.36927564e-02
-4.32381332e-02
-4.27831002e-02
-4.23276685e-02
-4.18718345e-02
-4.14156094e-02
-4.09589969e-02
-4.05019969e-02
-4.00446132e-02
-3.95868570e-02
-3.91287245e-02
-3.86702269e-02
-3.82113643e-02
-3.77521403e-02
-3.72925624e-02
-3.68326344e-02
-3.63723636e-02
-3.59117500e-02
-3.54507975e-02
-3.49895135e-02
-3.45279016e-02
-3.40659618e-02
-3.36037017e-02
-3.31411287e-02
-3.26782390e-02
-3.22150476e-02
-3.17515470e-02
-3.12877521e-02
-3.08236592e-02
-3.03592812e-02
-2.98946146e-02
-2.94296648e-02
-2.89644375e-02
-2.84989383e-02
-2.80331708e-02
-2.75671389e-02
-2.71008480e-02
-2.66343020e-02
-2.61675045e-02
-2.57004593e-02
-2.52331737e-02
-2.47656517e-02
-2.42978930e-02
-2.38299090e-02
-2.33616959e-02
-2.28932668e-02
-2.24246196e-02
-2.19557639e-02
-2.14866996e-02
-2.10174359e-02
-2.05479730e-02
-2.00783182e-02
-1.96084734e-02
-1.91384424e-02
-1.86682343e-02
-1.81978494e-02
-1.77272931e-02
-1.72565691e-02
-1.67856850e-02
-1.63146425e-02
-1.58434454e-02
-1.53721003e-02
-1.49006108e-02
-1.44289788e-02
-1.39572117e-02
-1.34853134e-02
-1.30132884e-02
-1.25411404e-02
-1.20688751e-02
-1.15964953e-02
-1.11240055e-02
-1.06514124e-02
-1.01787187e-02
-9.70593002e-03
-9.23304912e-03
-8.76008160e-03
-8.28703213e-03
-7.81390443e-03
-7.34070316e-03
-6.86743297e-03
-6.39409758e-03
-5.92070259e-03
-5.44725172e-03
-4.97374916e-03
-4.50020004e-03
-4.02660808e-03
-3.55297886e-03
-3.07931588e-03
-2.60562426e-03
-2.13190774e-03
-1.65817130e-03
-1.18441915e-03
-7.10655935e-04
-2.36886059e-04
2.36886059e-04
7.10655935e-04
